Date and time: 05/22/20, 09:22:39
NN structure: (9, 25, 1)
Hyperparameters: lrate=0.01, mu=0.9, batch size=32
Cycle: 778 for 1 epoch (max of 3000), terminated at epoch=22, iteration=777
Set and actual errors: RMSE: 0.01, val error: 0.009905472290936395
Input to hidden weights:
 [[ 6.09346552e-03  2.59443003e-04 -2.47745384e-02 -4.83587721e-02
  -8.95226573e-02 -3.99195260e-02 -1.18537221e-03 -4.90956013e-02
   5.71090653e-03 -1.88973906e-02  4.54416455e-03 -5.63216021e-02
   4.60472319e-02  9.68444151e-02 -3.95127174e-02  4.74717174e-02
   3.32153123e-02  1.07370728e-02 -1.87970454e-03 -6.81166534e-02
  -1.24867398e-02  6.46368258e-03 -5.88854060e-02 -1.05182554e-01
   8.67867065e-03]
 [-3.99497359e-02  4.15829945e-02 -1.43057905e-02  6.22228926e-02
   9.08953866e-02 -1.16357573e-02  5.57872452e-02 -3.09976573e-02
  -1.54656558e-02 -1.01249922e-01 -4.07370694e-02 -3.69723211e-02
  -1.12940648e-01  8.63553177e-02 -2.72443043e-02  1.58877277e-01
   5.10907344e-02 -2.93758189e-02 -2.29794148e-02 -1.07390673e-01
  -9.61836030e-02 -5.07430572e-02 -1.10781146e-02 -4.55791118e-02
   6.08186654e-01]
 [-1.38400390e-01 -1.14314969e-01 -1.36552348e-01  1.22099574e-02
  -9.06195045e-02 -6.30845576e-02  1.14812202e-03 -1.38845716e-01
   4.50623431e-03 -5.39864305e-03  1.89904935e-03 -8.57609469e-02
  -1.24432272e-01 -1.73322778e-02 -1.42080700e-01 -1.37277528e-02
  -1.44303531e-02  5.87678885e-03 -3.73701849e-03 -2.39114107e-02
   4.82830041e-05  4.40669812e-03 -9.47702737e-03 -1.53815624e-01
   2.63737674e-03]
 [ 1.90161560e-01  2.50479544e-01 -1.11048327e-01 -3.51374935e+00
   1.54123006e-01  1.46085032e-01 -8.09616278e-01  5.78526060e-04
  -5.01183096e-01 -5.73201120e-02 -6.45511314e-01 -4.52108138e-02
   1.80163555e-02 -2.65670642e+00 -3.72913149e-02 -2.49939366e+00
  -3.64191730e+00 -3.58591819e-01 -1.03203474e+00 -7.55471875e-02
  -1.15515856e+00 -6.74798123e-01  2.11638777e-01  6.45440598e-02
  -3.63345644e-01]
 [ 1.57172352e-01 -8.26887489e-03  6.67109381e-02 -6.22655273e-01
   1.19627812e-01  1.70188824e-04  8.68686676e-01  3.61096023e-02
   5.27834672e-01  9.11009415e-02  7.40860536e-01  5.38375647e-02
   5.94723244e-02 -1.85908886e-01  2.68807994e-02 -2.53870190e-01
  -4.77648011e-01  4.60875140e-01  1.13681001e+00  8.49581397e-02
   1.24708185e+00  7.43718544e-01  3.54912550e-02  1.18696339e-01
   1.99958205e-02]
 [-1.27174282e-01 -1.82410928e-01  1.69308821e-01 -3.13909412e-02
  -1.98559713e-03 -1.06909559e-01  1.33020243e-01  1.62999846e-02
   1.00824768e-01  2.59288188e-02  8.93511619e-02  9.21286183e-02
   1.59533115e-01 -1.20941899e-01  5.39434981e-02 -5.39203250e-02
  -4.39756677e-02  4.49750114e-02  1.28160580e-01  1.91458696e-01
   1.62010217e-01  9.60813041e-02 -1.34524366e-01 -4.37148166e-02
   1.11144348e-02]
 [ 1.58445870e-01  1.71818882e-01  2.39698892e-01 -1.70423423e-01
   1.60260351e-01  1.66182134e-01  3.58112260e-01  2.19680599e-01
   2.14195054e-01  2.19664506e-01  3.07076517e-01  2.77305564e-01
   2.67189118e-01 -1.88590894e-01  1.29446387e-01 -1.02456719e-01
  -3.04870600e-01  3.55255900e-01  4.88908333e-01  2.78176057e-01
   4.61172922e-01  4.34782989e-01  2.45086151e-01  2.43744190e-01
  -1.17653643e-01]
 [ 9.59062515e-02  2.55773079e-02  8.95845258e-02 -8.50609361e-02
   4.44304201e-02  6.58373068e-02  8.45384033e-02  1.46311134e-01
   6.69716283e-02  6.35528898e-02  1.47660433e-01  6.39028914e-02
   1.19052581e-01 -2.28488025e-02  9.69457110e-02 -1.27089819e-03
  -6.93427269e-02  1.26304531e-01  1.00254169e-01  9.91374932e-02
   7.78846864e-02  1.09783103e-01  1.48803790e-01  1.29304810e-02
   2.14283373e-02]
 [ 3.79405453e-02  1.34665791e-01  1.60509654e-02  3.87448283e-02
   9.03776224e-02  1.21984738e-01 -8.96873785e-02  1.13278206e-01
  -9.89593831e-04  5.33150814e-02  3.57635983e-03  3.67551071e-02
   1.42482234e-01  9.31720704e-03  1.03592020e-01  1.11006160e-02
   4.15397852e-02  1.05906295e-01 -1.12671948e-01  3.10290946e-02
  -1.43521425e-01 -3.72459889e-02  1.38534189e-01  1.16325503e-01
   1.86165785e-02]
 [-3.90163826e-01 -2.75786734e-01 -2.55047012e-01  3.42292641e-01
  -2.69728475e-01 -3.48369926e-01 -3.54175915e-04 -4.20716986e-01
   9.87760038e-03 -2.84148885e-01  8.21254567e-03 -2.96619184e-01
  -3.30245195e-01  2.67062497e-01 -3.02843133e-01  2.12199046e-01
   3.57311844e-01 -3.70202047e-02  7.32256197e-02 -3.24750854e-01
   1.38453818e-01  3.87145586e-02 -3.36972242e-01 -3.84871544e-01
   1.40225158e+00]]
Hidden to output weights:
 [[ 1.01458747e-01]
 [-5.48427814e-02]
 [ 2.59115808e-01]
 [ 3.25026595e+00]
 [-3.10401662e-02]
 [ 5.82106211e-02]
 [ 9.52471728e-01]
 [ 3.12595547e-01]
 [ 5.35883746e-01]
 [ 2.61401737e-01]
 [ 7.34292439e-01]
 [ 2.78524723e-01]
 [ 2.37156067e-01]
 [ 2.41962497e+00]
 [ 2.12957493e-01]
 [ 2.27714365e+00]
 [ 3.35596574e+00]
 [ 4.25436565e-01]
 [ 1.22948303e+00]
 [ 3.36630404e-01]
 [ 1.35609670e+00]
 [ 8.15856875e-01]
 [ 2.80478042e-03]
 [ 2.41435766e-01]
 [-1.26945956e+00]]
Weight of each layer (ave):
 {'a_slope_prone.tif': -0.013922926130119896, 'b_aspect_prone.tif': 0.014406793857674054, 'c_curvature_prone.tif': -0.04972756002197416, 'd_spi_prone.tif': -0.685711887748302, 'e_twi_prone.tif': 0.2019096107273116, 'f_lc_prone.tif': 0.025087635604583176, 'g_road_prone.tif': 0.18048829579810266, 'h_stream_prone.tif': 0.06513098846797574, 'i_rainfall_prone.tif': 0.03924065733502537}
Weight of each layer (max):
 {'a_slope_prone.tif': 0.0968444151364408, 'b_aspect_prone.tif': 0.60818665374745, 'c_curvature_prone.tif': 0.012209957374855404, 'd_spi_prone.tif': 0.2504795444642817, 'e_twi_prone.tif': 1.247081847787724, 'f_lc_prone.tif': 0.1914586962582872, 'g_road_prone.tif': 0.4889083329363001, 'h_stream_prone.tif': 0.1488037903180328, 'i_rainfall_prone.tif': 0.1424822338905585}

Date and time: 05/22/20, 09:22:54
NN structure: (9, 25, 1)
Hyperparameters: lrate=0.01, mu=0.9, batch size=32
Cycle: 778 for 1 epoch (max of 3000), terminated at epoch=19, iteration=777
Set and actual errors: RMSE: 0.01, val error: 0.008985386380927588
Input to hidden weights:
 [[-9.69698650e-03 -1.49701180e-02  1.06785135e-01  7.90860867e-03
  -1.14239197e-02  7.20547774e-02 -2.52364130e-02  1.25773243e-01
   4.28663750e-04  1.02029370e-02 -8.81368445e-02  3.51366577e-02
  -1.55236225e-03  1.05760391e-01 -1.25775755e-02  1.80229056e-03
  -9.30173962e-02 -5.36190867e-03  6.20129962e-02 -9.62520288e-02
   2.04547001e-01  9.00126350e-03 -5.38012146e-02 -1.22740281e-01
   4.05057491e-02]
 [ 8.08223790e-02  1.62646066e-01  8.08931907e-02 -3.50277625e-02
   1.10395810e-02 -3.18927519e-02 -1.19592190e-01  3.53719820e-01
  -3.36276985e-02  6.33674869e-02 -9.29742442e-02  1.46281966e-02
   4.04935129e-01  1.20952216e-01  5.44163777e-01 -1.24993894e-02
  -1.60242895e-01 -4.96144833e-02 -1.28095965e-01  3.96947666e-02
   3.35776168e-02  3.72576647e-01  2.46799226e-02  3.45121863e-02
  -1.35210377e-01]
 [-8.99152468e-03 -4.11961787e-03 -1.64885166e-02 -1.09201183e-01
  -2.67272433e-02 -5.99338627e-02  1.64065500e-03  8.42050252e-02
  -8.54101721e-03 -4.89262398e-03 -3.18764952e-02 -3.60375272e-03
   8.68436519e-03 -1.22723772e-02 -7.07010216e-03 -1.10291444e-02
  -3.05666945e-02 -7.09486842e-03  4.82956228e-03  3.29561793e-03
   1.24219030e-01 -2.41561966e-02  1.64721693e-02 -1.14650261e-01
  -5.55128945e-02]
 [-1.05623454e+00 -2.52488493e+00 -1.81901467e+00  7.81609879e-02
   7.96991418e-02  9.45403040e-02  4.64850067e-02  5.31289288e-01
  -9.59497161e-01 -5.18995024e-01  2.64631934e-01 -1.47604068e+00
  -7.52852623e-02 -3.14586922e+00 -4.89665244e-01 -8.69586913e-01
   3.46025476e-01 -1.05312478e+00 -5.59533749e-02  8.03529375e-03
   3.26279814e-01 -1.76400590e-01 -3.84802531e+00 -6.07276170e-02
  -8.24456251e-03]
 [ 1.03244843e+00 -4.66739901e-01  1.68938558e-01  1.09218846e-01
   1.95054328e-01  2.95535334e-01  3.55826383e-02 -8.59311774e-02
   1.02404949e+00  5.94867849e-01  4.59070092e-01 -9.62999315e-02
   1.56667457e-01 -2.86879415e-01  4.74955513e-02  9.30009480e-01
   4.08896377e-01  1.11733158e+00  1.09209167e-01  1.25266686e-01
   1.06988793e-01  9.70204443e-02 -7.64466770e-01  6.17599542e-02
   1.57467833e-01]
 [ 2.36240989e-01  1.52013568e-02 -2.07987709e-01  6.07987741e-02
  -8.92842353e-02  7.30253621e-02 -8.13487912e-02 -4.65116765e-01
   1.37909586e-01  6.01261997e-02  1.92762673e-01 -8.35503041e-02
   4.16452398e-02 -4.31157915e-02  2.96364644e-01  1.27987525e-01
   2.48448523e-01  1.65835993e-01  4.94096086e-02  4.11903097e-03
   1.38100360e-01  1.27616380e-01 -1.30297471e-02  4.54593174e-02
  -6.57455816e-02]
 [ 3.61190893e-01 -1.84811040e-01 -2.05890594e-02  2.38725819e-01
   2.04896698e-01  1.12741861e-01  1.92084687e-01 -2.80125428e-01
   4.21324164e-01  3.80357545e-01  2.03462797e-01 -1.83716402e-02
  -5.07366110e-03 -2.15949466e-01 -1.19295747e-01  3.11435056e-01
   2.96284087e-01  3.67136416e-01  1.16789742e-01  1.83736045e-01
   2.93942784e-01 -2.10858633e-02 -2.91108695e-01  1.07056399e-01
   2.40124828e-01]
 [ 8.55719182e-02 -6.83881190e-03 -4.77517170e-02  1.23315619e-01
   1.78895862e-01  9.55447658e-02  1.00181790e-01 -6.35517181e-02
   1.15664625e-01  8.41196550e-02  2.68949469e-02 -3.22467294e-02
   1.37043290e-01 -6.83914733e-02  6.37732416e-02  1.00598609e-01
   6.35470078e-03  1.13936910e-01  9.29271744e-02  5.61566177e-02
   2.67291319e-01  1.09164123e-01 -5.79111388e-02  1.84342597e-01
   9.64174352e-02]
 [-8.52726937e-02  5.34210712e-02  1.96933045e-02  5.26053292e-02
   1.82750875e-01  1.51316779e-01  7.36854323e-02  1.77124994e-01
  -4.30535593e-02  2.84200283e-02  9.64130913e-02  6.26839275e-02
   1.71577838e-01 -3.82266976e-03 -8.57631113e-02 -5.55449566e-02
  -2.57271543e-02 -8.27280248e-02  1.73006451e-01  1.53648071e-02
   1.89808450e-01  8.52276157e-02 -1.36072544e-02  8.61768119e-02
   8.47054561e-02]
 [-8.59196460e-03  1.77588445e-01  1.04683489e-01 -2.61996337e-01
  -2.59159335e-01 -2.70212856e-01 -2.22605188e-01 -7.46709715e-02
   3.18667313e-02 -5.49491762e-02 -4.93267654e-01  1.36324830e-01
   3.71342611e-01  3.34724492e-01  1.02109704e+00  3.12669025e-02
  -5.12097068e-01  5.51622582e-02 -2.60327693e-01 -2.44575711e-01
  -2.00007757e-01  5.19199835e-01  4.58751005e-01 -2.04470823e-01
  -2.25549554e-01]]
Hidden to output weights:
 [[ 1.26440244]
 [ 2.36219327]
 [ 1.65124374]
 [ 0.07521556]
 [-0.01714325]
 [ 0.23052188]
 [ 0.0981908 ]
 [-0.71279614]
 [ 1.1857467 ]
 [ 0.64066788]
 [ 0.65013052]
 [ 1.32621943]
 [-0.3461783 ]
 [ 2.90314968]
 [-1.08284064]
 [ 1.08685483]
 [ 0.73222602]
 [ 1.32167842]
 [ 0.13766291]
 [ 0.11938315]
 [ 0.39716954]
 [-0.51370955]
 [ 3.63719181]
 [ 0.21857141]
 [ 0.14411444]]
Weight of each layer (ave):
 {'a_slope_prone.tif': 0.009886106604943634, 'b_aspect_prone.tif': 0.06173724896791022, 'c_curvature_prone.tif': -0.011735278032851484, 'd_spi_prone.tif': -0.6544961055560166, 'e_twi_prone.tif': 0.22130246775904713, 'f_lc_prone.tif': 0.03887490545619287, 'g_road_prone.tif': 0.11499516886401018, 'h_stream_prone.tif': 0.07046014440789002, 'i_rainfall_prone.tif': 0.052338513511440025}
Weight of each layer (max):
 {'a_slope_prone.tif': 0.20454700141033103, 'b_aspect_prone.tif': 0.5441637773208409, 'c_curvature_prone.tif': 0.12421902979479689, 'd_spi_prone.tif': 0.5312892883939395, 'e_twi_prone.tif': 1.1173315837124504, 'f_lc_prone.tif': 0.2963646443637498, 'g_road_prone.tif': 0.42132416405591416, 'h_stream_prone.tif': 0.26729131856592925, 'i_rainfall_prone.tif': 0.1898084499159345}

Date and time: 05/22/20, 09:23:07
NN structure: (9, 25, 1)
Hyperparameters: lrate=0.01, mu=0.9, batch size=32
Cycle: 778 for 1 epoch (max of 3000), terminated at epoch=17, iteration=777
Set and actual errors: RMSE: 0.01, val error: 0.009931959840168838
Input to hidden weights:
 [[-6.40729479e-02 -5.55495861e-05  7.74706513e-04  1.00396966e-02
   2.24944966e-02 -6.65471362e-02 -2.18254880e-03  9.10527133e-03
  -2.67577214e-03  6.73421969e-02 -2.07468662e-02  2.62210854e-03
  -6.11394772e-02 -6.02366315e-04  1.43100108e-03  1.32701675e-01
   1.51441582e-02  6.19118283e-02 -7.15181454e-02  7.14925246e-04
   7.98980671e-02 -2.21272393e-02  9.91816428e-02  2.23948614e-02
   2.03535139e-01]
 [-5.71110199e-02 -1.20880880e-01 -4.62678651e-02  1.88719710e-01
   6.18289424e-03 -8.77711409e-02  3.53377599e-02  1.98449376e-01
  -6.43420844e-02 -2.45376871e-02 -3.51539909e-02 -4.84082595e-02
   8.97433985e-02 -1.56603337e-03  6.62599583e-02  9.99767460e-02
   5.83410075e-02  4.10739766e-01  2.17531480e-01  1.87925781e-01
   8.06512889e-02  1.75039811e-01  6.50500845e-02  1.34604715e-01
  -8.19307527e-02]
 [ 1.76207605e-02 -1.10475566e-02 -6.32347000e-03  1.42912525e-02
  -2.62328514e-01  4.13101055e-01  1.05198578e-01  3.63164559e-02
  -1.09292713e-02  5.38044821e-02  3.11185354e-01 -2.44890496e-02
   1.22372497e-02 -4.36198594e-04 -1.10412438e-02 -2.94706388e-02
  -5.66056454e-03  8.67226671e-02 -6.33650813e-02  4.52163998e-03
  -1.13632579e-02 -3.10136802e-02 -1.19621127e-02  7.71047644e-02
  -4.94676784e-01]
 [ 7.29328711e-02 -9.21590624e-01 -6.89561184e-01  3.06487045e-01
   6.43241974e-02 -3.00308024e-01  1.44656192e-01  3.84914345e-01
  -7.31784251e-01  1.76866327e-01 -1.82505889e-01 -1.36940676e+00
  -2.63364665e+00 -4.13210172e-01 -7.73954241e-01 -1.94505326e+00
  -3.48458872e+00 -1.17736194e+00  7.54523320e-01  3.06310428e-01
  -1.25868493e+00  5.03379602e-01 -2.40532509e+00 -1.31591964e-01
  -4.52685552e-01]
 [ 1.77586187e-01  9.53548565e-01  7.22375708e-01 -3.13008034e-02
   2.09579424e-01  1.09229317e-01  1.10411872e-01 -1.16334828e-01
   7.12579052e-01  1.55311722e-01  1.58723503e-01  1.38017983e+00
  -6.24568457e-01  4.44011349e-01  8.13987940e-01 -2.14499501e-02
  -6.32855759e-01  3.71429665e-01 -3.58089414e-01 -3.95109891e-02
  -7.41459143e-02 -1.84554486e-01 -3.14904879e-01  1.11826075e-01
   1.78677851e-01]
 [-7.44642666e-03  1.80995164e-01  1.34782634e-01 -2.78076237e-01
   2.19215357e-01  1.45595509e-01  1.33175230e-01 -2.61325689e-01
   1.70607043e-01  5.19867701e-02  2.01603094e-02  2.98549175e-01
  -2.47540936e-03  9.16025371e-02  1.56178432e-01 -5.61600014e-02
   4.47087303e-03  5.72074918e-01 -3.77561227e-01 -2.67147649e-01
  -1.90431660e-03 -3.02852045e-01  3.13793802e-04  8.03971888e-02
   2.90992918e-01]
 [ 1.85190883e-01  4.03410145e-01  2.37611857e-01 -1.21413663e-01
   1.75321405e-01  1.41496550e-01  2.23445475e-01 -3.04197336e-01
   3.61499933e-01  2.63347247e-01  2.45659596e-01  4.71637781e-01
  -1.90524470e-01  2.93861806e-01  3.52378948e-01 -4.48129423e-02
  -2.95181971e-01 -8.32793583e-02 -8.30534963e-01 -1.64618964e-01
   3.36506355e-02 -5.83355674e-01 -1.91226924e-01  8.44394671e-02
   4.04551037e-01]
 [ 9.21655004e-02  1.27290822e-01  9.20214760e-02  5.68882296e-03
   8.66021445e-02  7.29305095e-02  1.90681418e-01 -6.86241186e-02
   6.61241340e-02  5.52091084e-02  1.73602662e-01  1.37715698e-01
  -4.33599388e-02  1.05196855e-01  1.04018021e-01 -7.49335233e-02
  -4.14879619e-02  8.67107651e-02 -2.99367912e-02 -3.13724667e-02
  -3.24801903e-02 -4.35021871e-02 -4.28339554e-02  1.51931422e-01
   8.49322801e-03]
 [ 1.09659564e-01 -4.92657482e-02 -2.13495422e-02  1.16821781e-01
   7.19852674e-02 -1.18016559e-01  1.55105216e-01 -3.35015405e-03
  -7.00704508e-02  1.91377397e-01  8.93037507e-02 -1.25904637e-01
   3.88011102e-02  4.90644503e-02 -2.43172070e-02  2.87210853e-02
   2.48599032e-02  2.60929905e-02 -4.26302804e-02  4.64026515e-02
   5.92616320e-02  9.46189679e-02  1.44855854e-02  2.04395764e-01
  -5.06537821e-02]
 [-1.31401584e-01  9.58389609e-02  4.51092401e-02 -2.73422933e-02
   5.85635507e-02 -1.90854007e-01 -2.02284241e-02  6.51458511e-04
   8.14755119e-02 -6.24301862e-02 -2.41086117e-01  1.11155661e-01
   2.72142011e-01 -1.97488862e-02 -2.24423491e-02  1.36770167e-01
   3.83146460e-01  8.46061877e-01  1.72985355e-01 -3.09531897e-03
   7.11517716e-02  6.28796789e-02  2.64430421e-01 -1.09861587e-01
   1.29755998e-01]]
Hidden to output weights:
 [[ 0.11368323]
 [ 1.1850383 ]
 [ 0.8763111 ]
 [-0.25908062]
 [-0.24835297]
 [-0.53904415]
 [ 0.06330864]
 [-0.44943925]
 [ 0.9336992 ]
 [ 0.14925796]
 [-0.35871511]
 [ 1.76904128]
 [ 2.51846968]
 [ 0.50154623]
 [ 0.98800645]
 [ 1.74100559]
 [ 3.28371911]
 [-1.48452319]
 [-1.06154261]
 [-0.28236579]
 [ 1.10762792]
 [-0.70116822]
 [ 2.23946606]
 [-0.09831996]
 [-0.71519682]]
Weight of each layer (ave):
 {'a_slope_prone.tif': 0.016704949032408472, 'b_aspect_prone.tif': 0.05786336252538501, 'c_curvature_prone.tif': 0.006319873488766685, 'd_spi_prone.tif': -0.6462745969015145, 'e_twi_prone.tif': 0.16846970308770534, 'f_lc_prone.tif': 0.03984595409787139, 'g_road_prone.tif': 0.042734259973871966, 'h_stream_prone.tif': 0.045914058177213, 'i_rainfall_prone.tif': 0.03261595025060626}
Weight of each layer (max):
 {'a_slope_prone.tif': 0.20353513910613466, 'b_aspect_prone.tif': 0.410739766064732, 'c_curvature_prone.tif': 0.41310105499627775, 'd_spi_prone.tif': 0.7545233200728432, 'e_twi_prone.tif': 1.380179826908004, 'f_lc_prone.tif': 0.5720749180250451, 'g_road_prone.tif': 0.471637780680172, 'h_stream_prone.tif': 0.19068141832109442, 'i_rainfall_prone.tif': 0.2043957640312222}

Date and time: 05/22/20, 09:23:39
NN structure: (9, 25, 1)
Hyperparameters: lrate=0.01, mu=0.9, batch size=32
Cycle: 778 for 1 epoch (max of 3000), terminated at epoch=20, iteration=777
Set and actual errors: RMSE: 0.01, val error: 0.00983766091987619
Input to hidden weights:
 [[-4.83075584e-03  1.01816671e-01 -1.12597386e-02  1.41355279e-01
  -1.51776864e-01  1.22517934e-01 -7.50697195e-02  2.81453784e-02
  -1.03187290e-02 -1.30443804e-04  1.60328645e-01  6.49973239e-02
  -1.21426069e-02 -2.80402244e-02  4.02359521e-02  2.77631639e-02
   1.21451624e-01  2.27859289e-02 -4.75290780e-02 -3.35892102e-02
  -9.08477535e-03  7.97611091e-02 -6.36459412e-03 -1.66254166e-03
   1.91516357e-02]
 [-7.33375607e-04 -8.82443866e-03 -5.43813306e-02  2.66341254e-03
  -1.61295969e-01  1.21975939e-01  7.46841869e-03 -3.35130118e-01
   1.40451205e-01  1.60822850e-02 -9.46056074e-02  7.02491235e-02
   1.97786868e-01  3.06151587e-01 -1.48370484e-01  4.03734723e-01
   1.38363338e-01  4.85847132e-01  2.46948932e-01 -4.75842428e-02
  -5.86333716e-02 -1.29102676e-01 -4.81387853e-02 -1.35723014e-01
   4.48647511e-01]
 [ 5.71560910e-04 -1.22674058e-02  5.62358090e-03 -1.99299526e-02
   6.08982711e-01 -9.92196447e-02  4.42638000e-02 -4.02249442e-02
  -1.62609007e-04  1.29750203e-02 -2.22748575e-01  5.35941954e-02
  -1.33124135e-02 -5.90394427e-02 -7.10815586e-02  5.83830344e-02
   4.38875954e-03  5.52317950e-03 -3.36743405e-03 -2.57812551e-02
  -8.36774793e-02 -4.80750454e-02  1.32140519e-02  1.65149655e-02
  -1.57614033e-02]
 [-4.78480461e-01  4.80426522e-02 -1.14347977e+00 -1.66231049e+00
  -5.10065963e-01  2.55460621e-01 -3.37142233e+00 -7.39928297e-02
  -3.23297329e+00 -5.59072002e-01 -1.92412122e-01  2.12285112e-01
   1.14073958e-01  1.24605261e-02 -2.43504464e-01 -2.16444391e-02
  -3.37989218e+00 -2.07532181e-01  3.33906218e-02  3.36171418e-01
  -1.15869555e-01 -2.56770433e-01 -9.34639218e-01 -1.15404655e+00
  -2.39191355e-01]
 [ 5.66201547e-01  1.75616168e-01  1.25455664e+00  2.80732143e-01
   2.39049468e-01  5.45743715e-02 -6.78888478e-01  1.98131319e-01
  -5.79513663e-01  6.41281031e-01  1.00171860e-01  1.65995584e-02
  -2.11925785e-02  8.75850874e-02  1.00836297e-01  8.69328482e-03
  -3.09431623e-01 -1.24623701e-01  1.20532960e-01  2.55071429e-01
   6.91304820e-02  1.38670690e-01  9.93621112e-01  1.21888099e+00
  -1.95344190e-02]
 [ 1.01445547e-01 -1.44592474e-01  2.23260382e-01 -2.47831371e-01
   1.95500171e-01 -3.17061366e-02 -3.76424375e-02  6.80979635e-01
   4.60193783e-02  1.07381529e-01  1.28634757e-01  4.39360826e-02
   3.55962696e-02 -6.57726725e-02  2.21611237e-01 -1.12793616e-01
  -6.46007857e-02 -1.21679899e-01 -2.51770043e-02  1.77245278e-01
   1.28358714e-01  1.81628501e-01  2.18916718e-01  2.60967913e-01
  -7.42970251e-02]
 [ 2.80802551e-01  2.45707748e-01  5.56803961e-01  9.59063099e-02
   2.70391473e-01  1.98710973e-01 -1.68453267e-01  3.43466034e-01
  -2.72737305e-01  3.90034304e-01  2.30085293e-01  1.06202545e-01
   1.02257472e-01 -5.00801373e-02  2.99324678e-01 -1.21922556e-03
  -1.79853100e-01 -1.97587285e-01  8.14910271e-02  1.72366571e-01
   2.03184453e-01  2.54665481e-01  4.42312635e-01  4.90739161e-01
  -5.21190600e-02]
 [ 1.40080766e-01  1.15060670e-01  1.30746366e-01 -5.40013781e-02
   6.77353891e-02  1.49274691e-01 -5.93313601e-02 -1.04004861e-01
  -5.50563518e-02  1.00025135e-01  3.34207023e-02  1.64847483e-01
   1.93192520e-01  1.19026568e-01 -1.14473415e-02  1.37408483e-02
  -6.97556439e-02  1.15110414e-01  6.31145779e-02  1.10013342e-01
   2.04780410e-01  1.00964586e-01  1.23732211e-01  1.08860289e-01
  -5.81948328e-02]
 [-4.64191622e-03  6.72599874e-02 -9.47699201e-02 -7.27491565e-03
  -1.39171376e-01  1.47599635e-01  2.73297935e-02 -4.15058915e-02
   3.45094862e-02  4.82214783e-03  1.74140005e-01  1.28859303e-01
   2.22627930e-01  1.47973549e-01 -3.70175022e-02 -5.62642013e-03
   2.23232445e-02 -3.81668820e-02  3.91496956e-02  5.06831151e-02
   1.62584591e-01  1.78350939e-01 -4.18492529e-02 -8.71988322e-02
   5.27582639e-02]
 [-1.64936239e-02 -1.36279393e-01  6.56585087e-02  1.11325060e-01
  -2.72671407e-01  3.96500495e-02  3.82840651e-01  1.32648660e-02
   2.81876862e-01 -2.26151760e-02  8.07158941e-03 -1.23677157e-01
   1.41449878e-01  3.99350867e-01 -2.96345452e-02  6.56945877e-01
   2.85165579e-01  7.23571839e-01  8.23758734e-02 -3.94342095e-01
  -1.11156096e-01 -1.14476467e-01  3.72910410e-02  1.09592939e-01
   7.54654599e-01]]
Hidden to output weights:
 [[ 0.61157544]
 [-0.13579517]
 [ 1.52621838]
 [ 1.49517877]
 [-0.89869973]
 [ 0.1036515 ]
 [ 3.17301413]
 [-0.72362578]
 [ 3.03295863]
 [ 0.74088405]
 [-0.35565343]
 [ 0.17561054]
 [-0.04762373]
 [-0.34376837]
 [-0.37211528]
 [-0.566436  ]
 [ 3.1019474 ]
 [-0.74223918]
 [-0.09145841]
 [ 0.49319947]
 [-0.17752346]
 [-0.35128544]
 [ 1.20263214]
 [ 1.50740995]
 [-0.73701875]]
Weight of each layer (ave):
 {'a_slope_prone.tif': 0.02154045450039374, 'b_aspect_prone.tif': 0.05455388253799968, 'c_curvature_prone.tif': 0.004375427853777743, 'd_spi_prone.tif': -0.670616588052332, 'e_twi_prone.tif': 0.1914700790860654, 'f_lc_prone.tif': 0.07301554758793294, 'g_road_prone.tif': 0.15369613159624204, 'h_stream_prone.tif': 0.06567740794779796, 'i_rainfall_prone.tif': 0.03854995111619135}
Weight of each layer (max):
 {'a_slope_prone.tif': 0.16032864454506027, 'b_aspect_prone.tif': 0.4858471322821076, 'c_curvature_prone.tif': 0.6089827112413099, 'd_spi_prone.tif': 0.3361714176798703, 'e_twi_prone.tif': 1.2545566442536087, 'f_lc_prone.tif': 0.6809796345558816, 'g_road_prone.tif': 0.5568039612599358, 'h_stream_prone.tif': 0.204780409844592, 'i_rainfall_prone.tif': 0.2226279303768309}

Date and time: 05/22/20, 09:23:51
NN structure: (9, 25, 1)
Hyperparameters: lrate=0.01, mu=0.9, batch size=32
Cycle: 778 for 1 epoch (max of 3000), terminated at epoch=18, iteration=777
Set and actual errors: RMSE: 0.01, val error: 0.009956420345340992
Input to hidden weights:
 [[-5.74964090e-02  6.97462377e-02 -1.16091215e-01 -1.14598254e-02
   9.30443022e-02  1.39178724e-02  1.45126044e-03 -6.19534967e-03
   3.29470471e-02  7.85305814e-02  1.51367619e-03  1.34162219e-01
   5.97806069e-02 -1.91760884e-03 -1.08261581e-02  5.34487380e-02
   3.55684618e-02  9.67232611e-05  6.41672895e-04 -9.26712544e-03
  -3.72301501e-02 -7.08419823e-02  1.22591614e-01  3.68952209e-02
  -4.53324642e-02]
 [ 4.18694519e-01  1.94828966e-01 -2.66981480e-02 -7.02310655e-03
   1.65709072e-01  7.61940633e-02  4.97099206e-02 -1.82997278e-02
   2.33832672e-01  8.62542909e-02 -3.04230564e-02  1.98677394e-02
   3.56136096e-01  1.41296069e-02 -4.53091371e-02  3.73622999e-02
   1.10738569e-02  5.58482528e-02  3.07938684e-02 -2.62152031e-02
   1.24465853e-01 -1.37155556e-01  5.61433515e-01  3.36181328e-01
   1.95333437e-01]
 [ 2.81149323e-02  3.75035384e-02 -4.20555038e-02 -1.35873564e-02
  -9.52880320e-03  8.08436808e-03 -4.03083445e-03 -7.37381392e-03
  -6.89437343e-02 -4.33399774e-03 -5.35294862e-03  1.25142534e-01
   4.08418146e-02 -8.88590802e-03 -4.71400306e-02 -6.01697555e-04
   1.78662704e-02 -2.19411822e-03 -9.76578500e-03 -3.65569401e-03
  -7.48304772e-03 -5.92139282e-02  6.56480239e-02 -2.88229743e-02
   5.10147589e-02]
 [ 6.83022176e-02  5.44022863e-01  9.18985940e-02 -1.07720713e+00
  -1.66843604e+00  5.86037755e-01 -2.48947661e-01 -1.01886050e+00
   1.41036468e-01 -3.41384542e+00 -6.08243893e-01  1.33173757e-01
   1.54681410e-01 -5.46235048e-01 -7.04475307e-02 -2.62077113e+00
   4.83210619e-01 -2.32418955e-01 -6.97889841e-01 -7.89235052e-01
  -3.75618667e+00  3.22339974e-01  1.95058025e-01  1.85816883e-01
   1.92341201e-01]
 [ 1.24381016e-01  1.58314651e-01  8.52852618e-02  1.16083788e+00
   4.77752012e-02  1.06985322e-01  3.22486191e-01  1.08928509e+00
   3.80815611e-02 -4.58936259e-01  7.07440046e-01  1.62668243e-01
   1.31599447e-01  5.65363503e-01  4.16703771e-02 -3.08958949e-01
   1.49256525e-01  2.69715484e-01  7.67479318e-01  8.66186409e-01
  -6.63936476e-01  4.42761953e-01  1.06516592e-01  9.95309845e-02
   7.30321710e-02]
 [ 2.25356080e-02  3.57323270e-02  2.46261058e-02  1.78638551e-01
  -1.34568544e-01  2.71988846e-02  3.10576004e-02  1.80549772e-01
   1.04193864e-01 -6.69226584e-02  7.41342211e-02  1.36466711e-01
  -1.86833603e-02  1.36237347e-01  1.69875379e-01 -1.02955645e-01
   4.53415174e-02  3.61024318e-02  1.11671662e-01  1.15800367e-01
  -3.11527446e-02  1.86680992e-01  6.58857783e-02  7.64938230e-02
   5.72274029e-02]
 [ 6.40846369e-03  1.18623072e-01  1.90408696e-01  4.22072751e-01
  -4.58045439e-02  2.57514447e-01  1.94670519e-01  4.02519785e-01
   3.43384516e-02 -2.65085189e-01  2.56919120e-01  2.31259965e-01
   2.23475514e-02  3.06768366e-01  1.18603387e-01 -1.01110002e-01
   1.92874310e-01  1.49683192e-01  3.76172614e-01  2.72492800e-01
  -2.14751336e-01  3.25397674e-01 -4.65522327e-02  1.45100211e-01
   8.57903623e-02]
 [ 8.21046175e-02  5.95607408e-02  1.65737530e-01  7.83778672e-02
  -3.35267996e-02  9.50034515e-02  9.01770194e-02  1.06848336e-01
   7.75406373e-02 -2.17413083e-02  1.00060777e-01  2.56136620e-01
   1.33047627e-01  1.06909913e-01  1.26189519e-01 -3.87491260e-02
   2.29696116e-02  4.37191652e-02  8.46229349e-02  6.48658917e-02
  -7.67368266e-02  1.37005840e-02  4.21141908e-02  1.17061834e-02
   1.06550787e-01]
 [ 9.64008755e-02  8.85924463e-02  2.35499408e-02 -8.95092823e-02
   4.13360438e-02  1.72854496e-01  1.85883264e-02 -6.82871341e-02
   1.53249495e-01  8.62827460e-02 -1.49794993e-02  2.07681171e-01
   8.18933823e-02 -3.70694782e-03  1.19888858e-01 -3.61111538e-03
   2.09048534e-01  3.13458592e-03 -3.11750375e-02 -7.94500274e-02
   5.34607337e-02 -4.39705651e-02  1.13037049e-01  1.73261090e-01
   1.54520757e-01]
 [ 5.43547291e-01 -2.76358808e-01 -2.36133839e-01  5.44487517e-02
   7.99741747e-02 -2.48277917e-01 -4.67136615e-02  4.56402926e-02
   2.11762590e-01  3.41147775e-01  1.77173108e-02 -1.49477735e-01
   5.45818539e-01 -1.13104448e-02 -2.89594038e-01  2.88491164e-01
  -2.79146797e-01 -3.63522271e-02 -1.23556308e-03  4.99303224e-02
   3.50160962e-01 -4.49743333e-01  6.79187636e-01  3.36780082e-01
   1.51920428e-01]]
Hidden to output weights:
 [[-0.55714152]
 [ 0.52390856]
 [ 0.04628206]
 [ 1.3379525 ]
 [ 1.49601376]
 [ 0.5163565 ]
 [ 0.26920156]
 [ 1.25802008]
 [-0.2331482 ]
 [ 3.17719991]
 [ 0.74342436]
 [ 0.26438223]
 [-0.53359575]
 [ 0.63161817]
 [ 0.12661662]
 [ 2.42328139]
 [ 0.45719055]
 [ 0.26799832]
 [ 0.86345077]
 [ 0.99249265]
 [ 3.51749389]
 [ 0.68115283]
 [-0.72702343]
 [-0.35762732]
 [-0.17352872]]
Weight of each layer (ave):
 {'a_slope_prone.tif': 0.014707117834141492, 'b_aspect_prone.tif': 0.10706901689107512, 'c_curvature_prone.tif': 0.0020498426017680495, 'd_spi_prone.tif': -0.5460322041691771, 'e_twi_prone.tif': 0.24339286167263213, 'f_lc_prone.tif': 0.058486695700584325, 'g_road_prone.tif': 0.13746649733787433, 'h_stream_prone.tif': 0.06788759771305104, 'i_rainfall_prone.tif': 0.05848363686789416}
Weight of each layer (max):
 {'a_slope_prone.tif': 0.13416221874815748, 'b_aspect_prone.tif': 0.5614335145862194, 'c_curvature_prone.tif': 0.12514253445060278, 'd_spi_prone.tif': 0.5860377549353084, 'e_twi_prone.tif': 1.1608378782792905, 'f_lc_prone.tif': 0.18668099185233888, 'g_road_prone.tif': 0.4220727506398072, 'h_stream_prone.tif': 0.25613661970995505, 'i_rainfall_prone.tif': 0.20904853407218393}

Date and time: 05/22/20, 09:24:05
NN structure: (9, 25, 1)
Hyperparameters: lrate=0.01, mu=0.9, batch size=32
Cycle: 778 for 1 epoch (max of 3000), terminated at epoch=20, iteration=777
Set and actual errors: RMSE: 0.01, val error: 0.00954459938727892
Input to hidden weights:
 [[ 6.50509773e-03  6.37768369e-02 -1.71305139e-02 -4.32959522e-02
  -8.81892332e-03  1.70810898e-03  1.17641528e-01 -7.64846780e-03
  -3.63754307e-03  2.40889558e-02  6.46471076e-02  9.86405636e-03
   4.66876878e-02  1.28517015e-01  3.03527342e-02  1.37655599e-01
   7.98560294e-02  1.33613381e-01 -1.01781724e-02 -1.20232780e-03
   1.34433035e-01 -7.61864277e-02 -3.67879401e-02 -1.62006574e-03
   4.59645586e-02]
 [-1.36316763e-03  1.06684200e-01  2.08235876e-01  1.04766037e-01
  -2.11744145e-02  5.55985208e-01 -4.29950788e-02 -3.64534982e-02
   2.69404236e-03  1.50551214e-01  4.92130952e-02  4.48685798e-01
   6.02776348e-02  1.56057723e-01 -8.89914867e-02  1.65568934e-01
   5.22842732e-02  9.89392814e-02 -5.49173762e-02  5.02214417e-02
   9.21883063e-02  1.18363771e-01  2.32882585e-02 -1.82983726e-02
   4.13740424e-01]
 [-1.26249750e-02 -1.04661867e-02  8.28264045e-03 -5.51303517e-02
  -1.87554102e-02 -1.57992964e-02  1.71569829e-02  1.12661605e-03
  -1.80116771e-02 -5.91947651e-03 -2.29744767e-02  1.06011785e-01
  -9.40872400e-02  8.28250550e-02 -1.41592427e-01 -8.33917321e-02
  -1.67260464e-02 -3.34381645e-02 -5.29138903e-03 -5.24046044e-03
  -3.18764059e-03 -2.76073839e-02 -1.07900501e-03 -1.61700054e-02
  -9.07044854e-02]
 [-2.65510854e+00 -1.60953271e+00  2.79469493e-01  1.16329491e-01
  -9.81197249e-01 -1.78769699e-01  1.81208649e-02 -6.89333226e-01
  -1.21349418e+00  3.03477429e-01 -2.86424572e+00 -1.17765796e-01
  -4.28814798e-02  1.81186791e-01  4.76537983e-02  1.13477892e-01
  -1.89801858e+00 -2.12403123e+00 -8.67993723e-01 -4.95905713e-01
  -8.28080310e-03 -3.60669059e+00  5.97792466e-02 -1.95981089e-03
  -7.74140394e-02]
 [-4.03009527e-01 -1.69879689e-01 -1.98411800e-02  4.42975132e-02
   1.04100678e+00  1.79376860e-02  5.53532365e-02  7.49603574e-01
   1.33814499e+00  2.87910763e-02 -3.21827491e-01 -3.90053355e-02
   3.63917341e-02 -2.23016061e-02  1.17001390e-01 -5.80687855e-02
  -1.94977407e-01  1.79256727e-01  9.70887229e-01  5.79682982e-01
   1.35827568e-01 -7.16375680e-01  1.53291332e-01  7.73095174e-02
   7.61576461e-02]
 [-2.99799957e-02 -3.77974630e-02  4.60849983e-02  4.01236173e-02
   1.95029778e-01  1.73406663e-02 -4.23919806e-02  1.39586031e-01
   1.89708535e-01  3.25435072e-02 -8.31472071e-02 -7.09798057e-04
   7.99660321e-02 -6.15102666e-03 -1.83882835e-02  1.85624429e-02
  -5.29683990e-02 -2.17830149e-01  1.23345360e-01  8.81593186e-02
   7.28350566e-02  1.30738081e-02 -2.99162742e-02 -2.61279817e-02
   6.74203203e-02]
 [-1.64986421e-01 -4.27171957e-02  2.51121434e-01  1.52784746e-01
   4.92163931e-01  7.83847855e-02  1.95907497e-01  2.86254705e-01
   5.69235700e-01  2.45322278e-01 -1.53875819e-01 -5.60742749e-02
   2.29942648e-01  5.78288981e-02  8.60327924e-02  1.57571260e-01
  -7.46583903e-02 -9.10033734e-02  4.03075697e-01  4.26989888e-01
   2.75991736e-01 -3.44909119e-01  2.07057083e-01  1.72952857e-01
  -8.87597337e-02]
 [-6.38609317e-02  3.80649181e-02  1.43300921e-01  1.29098257e-01
   9.35120348e-02  8.26861367e-02  4.22564379e-02  1.24601682e-01
   1.29639511e-01  2.17554415e-01 -7.52784394e-02  1.44728483e-01
   1.17735713e-01  1.33093278e-01  1.84012156e-01  1.39404689e-01
  -3.12311547e-02 -5.28657318e-02  9.59641183e-02  1.36545472e-01
   2.64051648e-01 -3.91903724e-02  1.59326856e-01  1.43419538e-01
   1.61805360e-02]
 [ 1.59531702e-03  5.96786781e-02  1.73134700e-01  1.39907203e-01
  -7.88665076e-02  9.77741570e-02  1.57690280e-01 -1.96986082e-02
  -8.10839520e-02  1.22860641e-01 -2.08064932e-02  4.97490970e-02
   3.87858479e-02  1.32815146e-01  9.65249869e-02  2.32737323e-01
   1.06580870e-01  5.49443828e-02 -7.43645685e-02  3.65515727e-03
   1.50992372e-01  2.61340666e-02  6.03956218e-02  6.47296067e-02
   5.87574676e-02]
 [ 3.12771738e-01  1.02033647e-01 -2.30632987e-01  2.49836526e-02
   5.60860217e-02  7.81104926e-01 -2.17710017e-01  1.41023699e-02
   3.54314685e-02 -2.19550933e-01  3.13513015e-01  8.31451102e-01
  -2.47199197e-01 -4.88024222e-02 -2.17412200e-01  1.42067291e-02
   1.54213276e-01  1.15690265e-01  6.01188306e-02 -5.00126945e-02
  -1.58513494e-01  3.84203587e-01 -2.69359594e-01 -1.70704244e-01
   6.55411737e-01]]
Hidden to output weights:
 [[ 2.45902983]
 [ 1.43258316]
 [ 0.30114364]
 [ 0.03579855]
 [ 1.24863783]
 [-0.7303568 ]
 [-0.03473118]
 [ 0.83197428]
 [ 1.55430647]
 [ 0.31062856]
 [ 2.63225953]
 [-0.74683603]
 [ 0.03841968]
 [ 0.06876535]
 [ 0.017772  ]
 [ 0.03634315]
 [ 1.71267367]
 [ 1.90503524]
 [ 1.11173248]
 [ 0.64258362]
 [ 0.11930901]
 [ 3.38932019]
 [-0.04609526]
 [-0.0058589 ]
 [-0.61236209]]
Weight of each layer (ave):
 {'a_slope_prone.tif': 0.03275221590194499, 'b_aspect_prone.tif': 0.10374208492554114, 'c_curvature_prone.tif': -0.018511790002592864, 'd_spi_prone.tif': -0.7325251230892262, 'e_twi_prone.tif': 0.14622617136340252, 'f_lc_prone.tif': 0.023134836485934424, 'g_road_prone.tif': 0.13086534434786137, 'h_stream_prone.tif': 0.09091000685044319, 'i_rainfall_prone.tif': 0.06218491168778097}
Weight of each layer (max):
 {'a_slope_prone.tif': 0.13765559944011385, 'b_aspect_prone.tif': 0.5559852081233269, 'c_curvature_prone.tif': 0.10601178527246455, 'd_spi_prone.tif': 0.3034774286498845, 'e_twi_prone.tif': 1.3381449938103345, 'f_lc_prone.tif': 0.19502977789325948, 'g_road_prone.tif': 0.5692356995760129, 'h_stream_prone.tif': 0.26405164815502363, 'i_rainfall_prone.tif': 0.23273732294269922}

Date and time: 05/22/20, 09:24:17
NN structure: (9, 25, 1)
Hyperparameters: lrate=0.01, mu=0.9, batch size=32
Cycle: 778 for 1 epoch (max of 3000), terminated at epoch=19, iteration=777
Set and actual errors: RMSE: 0.01, val error: 0.008982266394243939
Input to hidden weights:
 [[ 1.12523727e-01  2.42182841e-03  2.20379888e-02  3.68866710e-03
   1.23972426e-01 -2.52573159e-02 -5.26476005e-03  1.42410014e-01
   3.46309743e-03  5.46133280e-03  1.01674675e-02  1.69901863e-01
   5.92459252e-02  5.23096884e-04 -8.91148938e-02 -8.07991721e-03
  -1.86415844e-02 -7.36249889e-03 -7.20275597e-02 -1.26672683e-03
  -8.01722739e-03  6.37333708e-02  1.89015387e-02  9.26665395e-02
  -1.75081226e-01]
 [ 5.93548100e-02 -4.13779094e-02 -1.82721060e-01 -3.14688311e-02
   2.40456422e-01 -1.13551701e-01  8.54169983e-02 -1.18354543e-01
  -1.56010193e-01 -5.33902100e-02  2.59351322e-01  1.42834789e-01
  -2.42959457e-02  8.02476458e-03  2.30071747e-01  2.20030152e-01
   1.93912277e-01 -8.38027497e-02  1.08107638e-01  3.14596294e-02
  -1.04458650e-01  6.60182933e-03  2.02426913e-01  9.01538766e-02
  -4.74931376e-02]
 [-3.65107101e-02  2.41880411e-03 -5.26626970e-04  3.33584575e-03
   9.03423929e-02  1.48171577e-02 -3.89574718e-03 -6.28284341e-01
  -4.39415000e-03 -5.48792851e-03  6.33544090e-02 -5.14821703e-02
  -7.37766832e-02 -5.69729885e-03 -1.29540313e-01  1.22921570e-01
  -7.87475378e-02 -9.20647213e-03  1.17871398e-02 -5.43974450e-03
  -2.93616676e-03 -1.13768284e-02 -4.08265990e-02  1.74421293e-01
   2.53421002e-01]
 [-1.98034931e+00 -3.25620611e-01  1.14977588e-01 -3.93117890e-01
  -7.16473944e-01 -3.67228752e-02 -2.94599930e-01 -6.35121221e-01
  -1.07176846e+00 -2.49065936e-01 -9.11369703e-01 -2.53207132e+00
   1.95174821e-01 -5.55775567e-01  8.27977898e-01 -5.80546264e-01
   5.44468779e-01 -1.14406092e+00 -3.96903004e+00 -6.74058590e-01
  -1.12009418e+00 -2.07877211e+00  3.74170169e-01 -2.63135455e-01
  -2.09984683e-01]
 [-1.88151318e-01  3.24155640e-01  5.02270074e-01  4.18975908e-01
   1.73346549e-01  2.38566546e-01  3.43940613e-01  2.77387034e-01
   1.10482537e+00  1.32228816e-01  2.74318607e-01 -1.36887822e-01
   4.34938677e-01  5.61352695e-01 -3.84679148e-01  2.15709857e-01
  -2.77856901e-01  1.10894111e+00 -8.80901242e-01  7.23457767e-01
   1.14974755e+00 -2.40642553e-01 -1.16611762e-01  1.48657693e-01
   1.32003170e-01]
 [ 5.18646772e-03  8.52828247e-02  3.64240157e-01  7.64160252e-02
   2.66939758e-01  6.30953685e-02  5.76707481e-02  3.30200603e-01
   1.84816804e-01  1.29014812e-01  2.37726401e-01  4.62159940e-03
   1.97773041e-01  1.18720208e-01 -4.30979749e-01  2.55456541e-01
  -2.52318849e-01  2.59293393e-01  4.04662644e-02  1.14316404e-01
   2.13109336e-01 -6.01534700e-02 -2.36880915e-01  1.85251804e-01
   2.66916130e-02]
 [-1.02029435e-01  2.63434997e-01  3.17397944e-01  2.15690036e-01
   8.62964017e-02  1.56325164e-01  3.08436901e-01  3.53878859e-01
   4.93131846e-01  3.56034629e-01 -1.86812518e-03 -2.01976831e-01
   1.72627986e-01  2.66695886e-01 -1.17755042e+00  1.11807584e-01
  -4.19366445e-01  4.31824008e-01 -2.29879927e-01  2.76406520e-01
   3.45529564e-01 -3.15721944e-02 -3.00598108e-01  7.86146407e-02
   2.42246907e-01]
 [-1.05110825e-02  6.28222070e-02 -1.82043633e-01  8.04362767e-02
   2.28381631e-02  1.97742298e-01  9.85800443e-02 -2.06729370e-02
   1.19646908e-01  5.17971224e-02  1.12916185e-01 -8.45364479e-02
  -1.48760632e-02  8.44556718e-02 -8.51812685e-02  5.58994551e-02
  -1.31779501e-02  9.16474460e-02 -8.15305601e-02  8.28091650e-02
   1.00089936e-01 -6.08937672e-02  1.74021046e-02  1.70625550e-01
  -2.31584987e-02]
 [ 7.16470690e-02  7.40336642e-02  8.00599671e-03  3.31252242e-02
  -5.65990830e-02  1.63658700e-01  1.57335160e-02 -4.60696216e-02
  -6.85590915e-02  1.44004078e-01 -1.38245810e-02  2.69599216e-02
  -3.21930389e-02 -1.57727943e-02  4.62424564e-03  1.00984481e-01
   1.06583000e-02 -8.83032105e-02  4.96340706e-02 -1.96620161e-02
  -7.19425744e-02 -2.23324040e-03  1.00059039e-01  1.01108253e-01
   1.82319001e-01]
 [ 2.03383923e-01  8.93128141e-04 -1.32401929e-02 -1.94466976e-03
   4.19923714e-01 -5.82368879e-02 -7.04610824e-02  2.28178884e-01
   1.18303073e-01 -1.03442140e-01  6.28199177e-01  2.14840079e-01
  -3.36107002e-01 -3.57661261e-03  2.47423680e-01  2.73788740e-01
   8.14895306e-02  9.56418580e-02  4.29472875e-01 -1.34447440e-02
   8.80614203e-02  2.19751254e-01 -1.82348190e-02 -2.54550389e-02
  -1.08057035e-01]]
Hidden to output weights:
 [[ 1.79935821]
 [ 0.35242951]
 [-0.57558139]
 [ 0.45982417]
 [-0.8064656 ]
 [ 0.03212766]
 [ 0.3538884 ]
 [-0.97359503]
 [ 1.38855173]
 [-0.3152291 ]
 [-1.05050159]
 [ 2.31398755]
 [ 0.54712504]
 [ 0.68188791]
 [-1.34030626]
 [-0.63474426]
 [-0.59475666]
 [ 1.43467723]
 [ 3.76742884]
 [ 0.84425953]
 [ 1.42838531]
 [ 1.89745456]
 [-0.38401307]
 [-0.24169978]
 [-0.37556733]]
Weight of each layer (ave):
 {'a_slope_prone.tif': 0.016840206891861637, 'b_aspect_prone.tif': 0.036851129430687635, 'c_curvature_prone.tif': -0.01405238815349499, 'd_spi_prone.tif': -0.7073987899001857, 'e_twi_prone.tif': 0.2415637176991512, 'f_lc_prone.tif': 0.08943828765143792, 'g_road_prone.tif': 0.08046153538772012, 'h_stream_prone.tif': 0.03092505298426362, 'i_rainfall_prone.tif': 0.026855852358097513}
Weight of each layer (max):
 {'a_slope_prone.tif': 0.16990186299659066, 'b_aspect_prone.tif': 0.25935132179677084, 'c_curvature_prone.tif': 0.2534210023358732, 'd_spi_prone.tif': 0.8279778984167229, 'e_twi_prone.tif': 1.149747553789291, 'f_lc_prone.tif': 0.3642401569540875, 'g_road_prone.tif': 0.49313184590084436, 'h_stream_prone.tif': 0.19774229752628816, 'i_rainfall_prone.tif': 0.1823190007707753}

Date and time: 05/22/20, 09:24:31
NN structure: (9, 25, 1)
Hyperparameters: lrate=0.01, mu=0.9, batch size=32
Cycle: 778 for 1 epoch (max of 3000), terminated at epoch=18, iteration=777
Set and actual errors: RMSE: 0.01, val error: 0.009187863704254817
Input to hidden weights:
 [[ 1.71611151e-01 -3.36717039e-02 -4.47050037e-02 -8.41362885e-02
   5.62694150e-03  1.13985547e-01 -4.64463568e-03  7.78316027e-02
  -1.16974268e-03 -1.06351796e-01 -8.80199636e-02  5.39741859e-02
  -4.20310482e-02 -6.23256234e-02  1.16046089e-03 -6.58188722e-02
  -9.94196371e-02  4.79960035e-02 -3.69745481e-03  8.54303367e-02
  -6.20222912e-02 -9.69157776e-04  3.31805794e-03 -6.38082576e-03
   3.50732233e-02]
 [ 1.60945803e-01 -8.20055296e-02  4.93040440e-01  3.79148070e-03
   2.57073471e-02  4.11507293e-02  1.47492987e-01  1.71643040e-01
   1.42289612e-01  3.42013853e-02 -1.24649578e-01  3.55464475e-01
  -1.45289586e-01  4.87393635e-02 -1.18355463e-02 -1.13166506e-01
  -1.08948470e-02  7.35236137e-02 -7.84486638e-02  4.76494012e-01
   2.95162923e-02  3.60678705e-01  8.97759224e-02  3.63260912e-01
  -1.09421901e-01]
 [-4.02544198e-02  6.05737569e-04 -4.67957294e-02  2.19183537e-02
   1.96281304e-03  9.66515579e-02 -3.37869628e-02  4.87692137e-03
  -4.43498634e-03 -1.00109170e-01  6.87019172e-03  1.00211058e-01
  -5.65296699e-02  9.03210406e-03  5.21588490e-03 -3.02341042e-02
   3.72585150e-04  1.40965146e-03 -2.71104444e-03  1.73023454e-03
  -8.99868372e-02  7.66214798e-02  3.16447904e-03 -1.15132626e-02
  -2.63171872e-03]
 [-1.95916319e+00 -8.35651783e-02 -3.85462777e-01 -3.07630069e+00
  -7.41370237e-01  2.56286015e-01  1.38099196e-01 -2.78907899e+00
  -3.26653507e-01 -9.43828009e-03  2.51898102e-01 -1.65710532e-02
   2.52362797e-01 -2.24270768e+00 -1.51022224e+00  2.66962277e-01
   2.28355104e-01 -3.18713148e+00 -8.99041310e-01 -3.64090952e-01
   4.51995319e-02 -1.35655641e-01 -4.46943013e-01  4.28832238e-01
  -1.08801806e-01]
 [ 2.25749350e-01  1.88742861e-01  5.11826981e-02 -7.38380600e-01
   7.90125740e-01  6.76869938e-02  9.64410540e-02 -2.04976284e-01
   3.23255494e-01  2.92778099e-02  2.46807824e-01  1.19953030e-02
   5.92652752e-01 -5.67046760e-01  1.52985727e+00  3.11856870e-01
   4.18927305e-01 -2.87074429e-01  9.31517090e-01  2.57743797e-02
   1.31172007e-01  5.68420186e-02  4.10795250e-01 -3.45090857e-02
   4.71095715e-02]
 [-2.02098632e-01 -8.71403553e-03  2.32025911e-01  1.32867644e-02
   1.18619999e-01  2.49941235e-02 -3.43581625e-02 -3.53565018e-02
   1.13087233e-01  2.45601008e-02  1.18537705e-01  1.29078662e-01
   3.08112429e-01  6.30175174e-02  2.85028002e-01  2.00430696e-01
   1.28922792e-01 -1.09195263e-01  1.53347460e-01  1.79631443e-01
   7.90354980e-02  7.77453325e-02  1.37152259e-01 -4.91265449e-01
   6.28296684e-02]
 [-1.02984084e-01  2.05128197e-01  5.07026276e-03 -9.48367158e-02
   4.62581635e-01  2.40962435e-01  1.52376457e-01 -1.79066307e-01
   1.91392389e-01  1.56833528e-01  2.92752535e-01 -6.87639977e-02
   2.26604547e-01 -1.47728232e-01  4.56086487e-01  3.09833118e-01
   2.88496363e-01 -3.04670780e-01  4.79505008e-01 -1.06794403e-01
   8.48603922e-02  4.96444826e-02  2.20308202e-01 -4.05017969e-01
   2.08653490e-01]
 [-8.07277214e-02  4.53945430e-02  5.34075164e-02 -5.33269903e-02
   1.17514296e-01  2.36981794e-01  1.84003974e-01 -6.78720487e-02
   1.27358781e-01  1.81687104e-01  1.22576963e-01  6.58430967e-02
  -2.98992417e-02 -1.27755671e-02  1.32661486e-01  8.20054809e-02
   8.35311771e-02 -2.95566759e-02  1.23833686e-01  9.20052762e-02
   2.41671012e-02  8.35770563e-02  7.85871758e-02 -9.38190633e-02
   3.76165559e-02]
 [ 8.81746867e-03  1.62917929e-01  6.03223258e-02  3.25282356e-02
  -5.83542118e-03  2.56658432e-01  6.34969020e-02  7.89426601e-03
   4.91349433e-02  5.18519769e-02  3.95364435e-02  4.28017658e-02
   2.03688716e-02  3.38275346e-02 -1.08990830e-01  2.06343114e-02
   3.19951874e-02  6.67078423e-04 -5.66640626e-02  5.50110282e-02
   2.03142146e-01  1.08052644e-01  6.40243635e-02  8.71180278e-03
   2.17126573e-02]
 [ 7.29369482e-02 -2.14731123e-01  7.59873175e-01  3.55239365e-01
  -1.44386377e-02 -1.57623289e-01  1.24101132e-01  2.49499474e-01
  -1.17881052e-01 -2.03997899e-01 -3.34592860e-01  3.96047954e-01
  -5.69954621e-01  2.41889616e-01  7.23368631e-02 -4.30598556e-01
  -4.74063301e-01  3.05354115e-01  7.16443283e-02  6.20894254e-01
  -2.62712127e-01  4.25653172e-01 -6.74004111e-02  7.71603281e-02
  -2.37134914e-01]]
Hidden to output weights:
 [[ 1.76513748e+00]
 [ 1.14759457e-01]
 [-8.00885069e-01]
 [ 2.90787869e+00]
 [ 9.58152422e-01]
 [ 3.43118857e-01]
 [ 2.30042044e-04]
 [ 2.54240139e+00]
 [ 3.63251435e-01]
 [ 7.22842382e-02]
 [ 4.04759890e-01]
 [-3.47665806e-01]
 [ 8.61947384e-01]
 [ 2.13672166e+00]
 [ 1.93742640e+00]
 [ 5.18583542e-01]
 [ 5.65823838e-01]
 [ 2.91572044e+00]
 [ 1.17862994e+00]
 [-7.02631174e-01]
 [ 1.31667171e-02]
 [-3.98326890e-01]
 [ 4.96392135e-01]
 [-7.46489448e-01]
 [ 2.05649976e-01]]
Weight of each layer (ave):
 {'a_slope_prone.tif': -0.0043742613556793505, 'b_aspect_prone.tif': 0.09368015848481472, 'c_curvature_prone.tif': -0.003533794119779471, 'd_spi_prone.tif': -0.6565681106689937, 'e_twi_prone.tif': 0.18623129944034184, 'f_lc_prone.tif': 0.062738222026425, 'g_road_prone.tif': 0.10484908152250386, 'h_stream_prone.tif': 0.060191030162709096, 'i_rainfall_prone.tif': 0.04690471999014382}
Weight of each layer (max):
 {'a_slope_prone.tif': 0.17161115131644875, 'b_aspect_prone.tif': 0.49304043999116104, 'c_curvature_prone.tif': 0.10021105818092796, 'd_spi_prone.tif': 0.4288322381832986, 'e_twi_prone.tif': 1.5298572746602754, 'f_lc_prone.tif': 0.3081124293677761, 'g_road_prone.tif': 0.4795050075144361, 'h_stream_prone.tif': 0.2369817940487503, 'i_rainfall_prone.tif': 0.2566584319252592}

Date and time: 05/22/20, 09:25:02
NN structure: (9, 25, 1)
Hyperparameters: lrate=0.01, mu=0.9, batch size=32
Cycle: 778 for 1 epoch (max of 3000), terminated at epoch=23, iteration=777
Set and actual errors: RMSE: 0.01, val error: 0.009759141181997
Input to hidden weights:
 [[-2.27954608e-02  1.19342654e-01 -1.54796911e-02  1.89425865e-02
  -5.62974453e-02 -4.50569291e-02  4.70926185e-02 -6.78439375e-02
   4.12670593e-02  4.85337795e-02  3.47106170e-02  1.89944008e-02
  -8.74033758e-02  2.60937391e-03  8.76429541e-02 -4.77451551e-02
   3.63764388e-02  1.61888700e-02 -5.20604655e-02 -1.44164730e-02
  -1.54582774e-02  1.91783276e-02  3.01624646e-02 -5.83278669e-02
  -8.32237689e-02]
 [-8.19711868e-02  1.24145945e-01 -5.10652334e-03 -7.90300052e-02
   4.88632859e-02 -1.40298006e-01 -8.44896126e-02 -1.42671740e-01
  -5.29518008e-02 -1.62901403e-02 -1.01532312e-01  5.00594891e-01
   1.39535192e-02  5.31049509e-01  1.89671060e-01 -7.27974793e-02
  -6.57065349e-02 -1.05759423e-01  1.51211424e-01 -2.26568737e-02
   7.63105454e-02 -1.09561839e-01  6.95957625e-02 -1.13649091e-01
  -1.24856101e-02]
 [-1.66219070e-02 -5.06756517e-02 -7.10293401e-02 -7.79474201e-02
  -6.10798169e-02 -7.72219905e-03 -1.34466039e-01 -8.50558421e-02
  -8.54755178e-03 -4.38890860e-02 -6.72886596e-02 -2.36560249e-02
  -5.23865248e-02  3.46910115e-02 -3.58965552e-02  1.29157740e-02
   1.88319798e-02 -3.40102869e-02 -1.63511364e-02 -1.12099147e-02
  -8.99189011e-03 -6.89057503e-02 -3.56515943e-02 -1.34075050e-01
  -9.68788531e-02]
 [-1.33856362e+00 -2.76918878e+00  2.25512641e-02  9.56742634e-02
   2.72718495e-01  5.78084719e-03  1.99905299e-01 -1.17675434e-02
  -2.34680571e+00  2.03195478e-01  1.59177503e-02 -2.19990666e-01
  -1.19133603e-01 -3.11546724e-01 -2.19638612e+00 -2.53501472e+00
   3.06507732e-02  2.04893363e-01 -2.79897220e+00 -1.11242445e+00
  -9.12817040e-01  5.08901213e-02 -2.91811792e+00  8.36999794e-02
   1.21908024e-01]
 [ 1.51424749e+00 -1.29983171e-01  2.27711091e-02  6.91582734e-02
   5.34784112e-02  3.81487991e-02  6.63578243e-02  1.33841731e-01
  -3.09560519e-01  4.43580197e-02  1.62190762e-01  5.64892921e-02
   1.82092806e-01 -4.19570780e-02 -1.13517440e-01 -3.99729053e-01
   1.13079322e-01  4.11692952e-03 -5.42464250e-01  1.30005563e+00
   1.02916877e+00  7.80580540e-03 -4.49963906e-01  1.27695780e-01
   1.73653040e-01]
 [ 2.27880314e-01 -1.57058516e-01 -1.33581141e-01 -6.37148333e-02
  -1.94449221e-01 -2.27953775e-02 -2.71231545e-02  2.96619764e-02
  -3.68899783e-02 -1.56918443e-01 -9.93119242e-03  7.47646393e-04
  -1.89506722e-02  1.33457319e-04 -9.21649882e-02 -9.55693624e-02
  -3.14909767e-02 -6.56735382e-02  1.78470122e-02  1.71631115e-01
   1.92062043e-01 -1.99062413e-01  3.92611472e-03 -1.70980939e-03
  -1.46799737e-01]
 [ 5.31169822e-01 -1.88265888e-01  2.30410619e-01  2.24904229e-01
   1.59179096e-01  1.13186602e-01  1.30151119e-01  2.51136713e-01
  -1.59137851e-01  1.21955450e-01  2.46445670e-01 -7.87710272e-02
   1.78925166e-01 -1.31404917e-01 -5.06287532e-02 -7.40228611e-02
   1.00702032e-01  1.92347046e-01 -1.27370075e-01  6.06906105e-01
   4.59645736e-01  1.36001370e-01 -3.00702838e-01  2.56831092e-01
   1.81117261e-01]
 [ 1.55364729e-01 -7.62360652e-02  1.64868867e-01  1.49536567e-01
   1.15280142e-01  8.64273101e-02  3.15325708e-02  1.14789921e-01
  -4.27275602e-02  1.00513137e-02  1.82643821e-01 -1.95835325e-02
   1.23424285e-01  4.81998088e-02 -3.13950137e-02 -2.61647057e-02
   1.66565580e-01  2.86668144e-02 -6.66970657e-02  1.61464628e-01
   1.37593457e-01  1.20424407e-01 -3.16518850e-02  1.76969951e-01
   7.83785575e-02]
 [-1.27088510e-01 -3.64056912e-02 -4.52630419e-03  9.40767826e-02
   2.29259219e-02  3.54735078e-03  1.16228947e-01  6.83903286e-02
   8.31257984e-02  1.11784686e-01  1.36878343e-01  5.14578794e-02
   1.70165180e-01 -9.34217290e-03  7.37474324e-02 -1.23875495e-02
   5.15656206e-02  1.85745869e-01  4.30360085e-02 -7.05527490e-02
  -3.98442282e-02  1.63928942e-01  1.44248377e-02  7.70400518e-02
   1.61088129e-01]
 [ 1.08850417e-01  2.59258634e-01 -3.15175545e-01 -3.59543001e-01
  -2.67558388e-01 -2.80397002e-01 -2.77789525e-01 -2.43542202e-01
   2.54852652e-01 -2.48486419e-01 -3.58836604e-01  9.18858737e-01
  -2.76862452e-01  1.01607456e+00  1.18109181e-01  3.49865521e-01
  -2.83899824e-01 -3.14386849e-01  2.36494619e-01  4.35033716e-02
  -2.92058948e-02 -2.86072078e-01  2.70273736e-01 -3.57938835e-01
  -2.91504753e-01]]
Hidden to output weights:
 [[ 1.70841066]
 [ 2.52620872]
 [ 0.22289524]
 [ 0.15768815]
 [-0.03595774]
 [ 0.28168887]
 [ 0.02456363]
 [ 0.3752575 ]
 [ 2.15417925]
 [-0.05665473]
 [ 0.22779446]
 [-0.82489792]
 [ 0.31129433]
 [-0.94678776]
 [ 1.97904905]
 [ 2.343693  ]
 [ 0.09652233]
 [ 0.01733318]
 [ 2.60601083]
 [ 1.46655261]
 [ 1.155575  ]
 [ 0.13154616]
 [ 2.70357781]
 [ 0.32162825]
 [ 0.09134956]]
Weight of each layer (ave):
 {'a_slope_prone.tif': -0.0018026680511939862, 'b_aspect_prone.tif': 0.01993751056276602, 'c_curvature_prone.tif': -0.04303593315777046, 'd_spi_prone.tif': -0.7313177376228504, 'e_twi_prone.tif': 0.12446137562166473, 'f_lc_prone.tif': -0.03239974701285519, 'g_road_prone.tif': 0.12042843671279593, 'h_stream_prone.tif': 0.07030907610845377, 'i_rainfall_prone.tif': 0.05316043616510969}
Weight of each layer (max):
 {'a_slope_prone.tif': 0.11934265445606669, 'b_aspect_prone.tif': 0.5310495087151509, 'c_curvature_prone.tif': 0.034691011513658485, 'd_spi_prone.tif': 0.2727184954749116, 'e_twi_prone.tif': 1.514247494791804, 'f_lc_prone.tif': 0.22788031373225648, 'g_road_prone.tif': 0.606906105383831, 'h_stream_prone.tif': 0.18264382052364025, 'i_rainfall_prone.tif': 0.18574586941206014}

Date and time: 05/22/20, 09:25:15
NN structure: (9, 25, 1)
Hyperparameters: lrate=0.01, mu=0.9, batch size=32
Cycle: 778 for 1 epoch (max of 3000), terminated at epoch=18, iteration=777
Set and actual errors: RMSE: 0.01, val error: 0.009542001741687706
Input to hidden weights:
 [[-4.04917514e-02 -9.54438107e-03  9.21380680e-02 -9.70286706e-02
   7.04268153e-02 -1.59535668e-03 -4.37507314e-02  1.09305946e-01
   1.27083624e-02 -4.29563339e-02 -3.03927858e-02  4.44727886e-03
  -1.22195275e-01 -3.51811821e-02  1.05356016e-02  4.17810999e-02
  -1.36920609e-02 -1.28387263e-01 -1.17455745e-02  6.46590824e-02
  -6.83644531e-02 -1.23142559e-01 -1.59488965e-01  9.37912702e-03
  -9.51251703e-02]
 [ 1.38469340e-01 -6.71867423e-02  9.60881941e-02 -1.05522439e-01
   1.40060465e-01  4.94026236e-02 -7.35464327e-02  2.83546325e-01
   6.98593110e-02  5.89314701e-01 -5.86973199e-02 -2.82621084e-03
   5.29950429e-02 -1.49967242e-01 -2.81145539e-02 -1.08096631e-01
   1.82405059e-02 -1.37493059e-01 -1.03411429e-02  2.66990169e-01
  -1.51579370e-02  4.83324963e-02  1.37106457e-02  3.63351467e-02
  -6.56544059e-02]
 [ 3.63670105e-03 -6.96895901e-03  3.82729425e-03 -1.36187243e-01
  -2.69946650e-02 -7.26302654e-02 -1.03861100e-01  8.78838971e-02
  -5.56515894e-02 -4.04991467e-02 -5.00004541e-02  1.66893545e-02
   1.14651617e-02 -8.02068614e-02 -7.48742753e-02 -1.23622555e-01
  -6.40610025e-03 -1.53380124e-02 -1.15665612e-02 -4.01074337e-02
  -2.13058171e-03 -1.15006171e-01 -9.39986051e-02 -1.12911706e-02
  -1.12522409e-01]
 [-3.38081544e+00 -1.44435861e+00 -3.26211737e+00 -3.59560458e-02
  -2.11644730e+00  9.69304159e-02  5.19761564e-02  5.89065163e-01
  -9.81769735e-02 -5.94664296e-01  1.52699901e-01 -3.08815208e+00
   4.80550262e-02 -3.86494379e-02  1.04196616e-01 -1.48132987e-01
  -7.59406367e-01  5.61335603e-02 -1.13911709e+00  1.94578714e-01
  -1.54170018e-02  1.72255834e-01  7.35615897e-02 -5.39178345e-02
   5.01487378e-02]
 [-6.36571271e-01  1.59433431e+00 -4.25721213e-01  9.00609717e-02
   8.83685107e-02  1.28389564e-01  6.80488986e-02 -1.98019534e-01
   1.07334703e-01  9.17073606e-02  1.00853776e-01 -5.12077804e-01
   2.40387281e-02  1.91046393e-01  1.10788292e-01  2.07853442e-01
   7.58425716e-01  1.83098750e-01  1.21763704e+00  5.23605903e-02
   1.53091928e-01  9.14580187e-02  3.61560257e-02  4.37902388e-02
   1.04874124e-01]
 [ 8.03959703e-03  2.17739265e-01 -5.55084255e-02  9.38077092e-02
  -2.04091568e-01 -2.14400736e-01  3.33890363e-02 -4.12620062e-01
   1.70420821e-02  1.99421503e-01 -4.69388293e-02 -4.59980290e-02
  -1.78424831e-01  1.05969282e-01 -1.68594549e-01  8.78098823e-02
   1.82334243e-01 -9.21455612e-02  2.06935066e-01 -5.67137503e-02
  -2.06613291e-02 -7.53489972e-02 -9.48304629e-02 -8.68253684e-02
  -5.77867401e-02]
 [-2.67272884e-01  6.26247987e-01 -2.85071180e-01  2.32902014e-01
  -2.28637062e-02  1.97283217e-01  1.69960730e-01 -1.06759592e-01
   1.46315074e-01 -1.44292611e-01  1.13604937e-01 -1.11894558e-01
   2.40067233e-01  2.97050835e-01  2.56171793e-01  2.51544002e-01
   3.66648878e-01  2.01246598e-01  3.98751605e-01  3.92775277e-02
   2.14387242e-01  1.76774813e-01  1.35995343e-01  1.44894899e-01
   2.25215840e-01]
 [-6.08828879e-02  1.76847533e-01 -5.79910245e-03  1.67691731e-01
  -7.25775804e-02  8.17404311e-02  1.58748948e-01 -1.79074978e-02
   1.09703636e-01  2.41605039e-02  5.93838960e-03 -9.16331483e-02
   1.16580923e-01  9.95462391e-02  1.07634055e-02  5.61448520e-02
   6.38174543e-02  1.08873719e-01  1.21778645e-01  1.88338560e-01
   1.48959749e-01  7.48271155e-02  1.00478836e-01  1.23139437e-01
   1.81024461e-01]
 [ 5.54603028e-02 -9.47110686e-02  3.62630698e-02 -2.80767781e-04
   3.68094721e-03  3.20106679e-02  3.34797993e-02  2.24371104e-01
   7.16204924e-02 -8.65724841e-02  1.83225519e-01 -2.38942910e-02
   2.80411003e-02  8.89142228e-02  1.06969341e-01  1.90104604e-01
  -6.77087536e-02  7.11786899e-02 -9.09491458e-02  1.69833210e-01
   7.90659606e-02  1.23196926e-01  4.55103125e-02  1.57499861e-01
   1.89133506e-01]
 [ 3.20137786e-01  1.01015997e-01  3.24446500e-01 -2.10288136e-01
   1.46775458e-01 -3.74143890e-01 -3.01142070e-01 -8.94439423e-02
  -2.44138617e-01  1.31145184e+00 -4.19121314e-01  3.67846293e-01
  -2.75510424e-01 -3.29485280e-01 -3.05898460e-01 -3.05007298e-01
   2.51094584e-02 -2.84875494e-01  4.90428349e-02  2.03680958e-01
  -3.71718698e-01 -2.91516072e-01 -3.98076308e-01 -3.78062036e-01
  -1.75628306e-01]]
Hidden to output weights:
 [[ 3.16884326]
 [ 1.90915919]
 [ 3.02212016]
 [ 0.29815698]
 [ 1.91253506]
 [ 0.1089682 ]
 [ 0.18419536]
 [-0.60784896]
 [ 0.1457021 ]
 [-1.321299  ]
 [ 0.12669076]
 [ 2.87831281]
 [ 0.08160495]
 [ 0.31496975]
 [ 0.083259  ]
 [ 0.43189473]
 [ 0.92480918]
 [ 0.19531579]
 [ 1.46261659]
 [-0.02826117]
 [ 0.21115497]
 [ 0.04216506]
 [ 0.23155737]
 [ 0.19274842]
 [ 0.04290185]]
Weight of each layer (ave):
 {'a_slope_prone.tif': -0.02430804531081418, 'b_aspect_prone.tif': 0.03922963407123747, 'c_curvature_prone.tif': -0.042254470054407925, 'd_spi_prone.tif': -0.58342908514898, 'e_twi_prone.tif': 0.14685310250513056, 'f_lc_prone.tif': -0.026336062974189823, 'g_road_prone.tif': 0.13984744158003995, 'h_stream_prone.tif': 0.07481217407919762, 'i_rainfall_prone.tif': 0.06101772503602948}
Weight of each layer (max):
 {'a_slope_prone.tif': 0.10930594583098152, 'b_aspect_prone.tif': 0.5893147012524955, 'c_curvature_prone.tif': 0.08788389708622775, 'd_spi_prone.tif': 0.5890651632604768, 'e_twi_prone.tif': 1.5943343071878218, 'f_lc_prone.tif': 0.21773926491561632, 'g_road_prone.tif': 0.6262479874114973, 'h_stream_prone.tif': 0.18833855976576164, 'i_rainfall_prone.tif': 0.2243711037874074}

Date and time: 05/22/20, 09:25:28
NN structure: (9, 25, 1)
Hyperparameters: lrate=0.01, mu=0.9, batch size=32
Cycle: 778 for 1 epoch (max of 3000), terminated at epoch=17, iteration=777
Set and actual errors: RMSE: 0.01, val error: 0.009866417114071544
Input to hidden weights:
 [[-1.06273885e-01 -1.17213431e-01  7.88483097e-02 -2.11348038e-02
  -1.04714094e-02  1.64078740e-04  1.21807816e-01 -6.55737729e-05
   1.17211510e-02 -7.46850953e-02  4.80819685e-02  3.57089105e-02
   3.41772743e-02 -1.04106994e-02 -6.61597078e-03  8.40642290e-02
  -1.88510020e-02 -1.00150542e-01 -7.90307328e-02 -1.06184597e-01
  -1.00027673e-01 -1.52929696e-03  2.22614287e-02 -5.48073138e-02
   9.13073521e-03]
 [-8.04388453e-02 -1.89371647e-02  1.51446762e-01  1.99169381e-02
  -1.10505564e-02 -1.92287228e-02  1.00572015e-01  6.00717444e-01
  -8.65692065e-02 -7.85318038e-02  8.36694298e-02 -8.41601260e-03
   9.30927824e-04  1.70270257e-02 -6.14199387e-02 -9.94324412e-02
  -1.82458816e-01 -4.52621656e-03 -8.06270395e-02  2.97629463e-02
  -1.24472226e-01 -9.70073538e-02 -3.78304960e-03  1.55292852e-01
   4.54157979e-02]
 [ 1.59660809e-02 -6.27457872e-02  7.43326704e-03  1.72338565e-02
  -1.86707390e-01 -1.34119449e-03 -3.14958021e-03 -2.46227828e-03
  -1.94427030e-01 -3.36439959e-02 -6.35399202e-03 -1.80140124e-02
   1.55931553e-02  6.40883515e-03  1.03845525e-02 -8.71028093e-02
  -2.62149905e-02 -1.38424857e-01 -1.17462343e-01 -3.78860978e-02
  -5.67424000e-02 -8.71944670e-03  2.17970519e-02  1.00755558e-02
  -1.30460160e-01]
 [ 2.87610044e-01  2.05984603e-02 -1.49292487e+00 -2.96794821e+00
   1.29348272e-01 -1.25793703e+00 -1.18677932e+00 -3.21618103e-01
  -9.60687446e-02 -2.07766346e-01 -1.53223780e+00  1.54943660e-01
  -2.24216666e+00 -6.94373631e-02 -1.46197163e+00  5.04817899e-02
  -5.31886666e-03  1.10393035e-01  3.12160689e-02  6.48962097e-02
   2.83415521e-01 -6.16638523e-01 -2.74085841e+00 -2.89123022e+00
   2.28345161e-01]
 [ 2.52124862e-01  1.26259028e-01 -7.39509964e-02 -4.78211745e-01
   1.22929618e-01  1.34370291e+00  1.48030394e-01  2.67208576e-02
   1.98657004e-01  1.72302828e-01 -1.10620062e-01  2.58212440e-02
  -2.70233829e-01  1.46200871e-01  1.52459107e+00  1.60217003e-01
   1.53759544e-01  7.28826136e-02  1.80729163e-01  1.48825353e-01
   3.20761796e-01  6.75566323e-01 -4.00625804e-01 -5.65378549e-01
   5.04426361e-02]
 [ 1.22031615e-01 -3.49493079e-03 -5.21365033e-02 -6.13256709e-02
  -1.07685255e-01  1.93506288e-01 -1.49265497e-01  1.22519877e-02
   2.31351040e-02  9.53071043e-02 -6.45711935e-02 -2.43358034e-01
  -9.70686633e-02 -6.50535177e-02  2.41502034e-01 -4.91328935e-02
   1.05593693e-01 -3.81927798e-02  5.07394017e-02 -6.76204396e-02
   9.57026462e-02  8.97563676e-02 -6.06340095e-02  2.26629491e-02
  -1.22170009e-01]
 [ 3.14170088e-01  1.19596700e-01 -1.22122450e-01 -2.16575914e-01
   2.06653638e-01  4.83352207e-01  4.83982522e-02  1.45307461e-02
   1.37948087e-01  2.13989223e-01  5.18417554e-02  1.72199425e-01
  -3.96478887e-02  1.44205392e-01  4.63206556e-01  2.20303254e-01
   1.87385853e-01  8.89104836e-02  2.04368355e-01  1.33121706e-01
   2.95252450e-01  3.33436434e-01 -1.42622204e-01 -1.91133846e-01
   6.83594700e-02]
 [ 3.14161820e-02  1.10280029e-02  1.82704613e-02 -7.64779244e-02
   5.31843649e-02  1.48600595e-01 -1.44469350e-02  1.53742030e-02
   9.04555589e-02  1.47621763e-01 -1.99684872e-02 -2.34504315e-02
  -6.46818413e-02  1.44720080e-01  1.29891223e-01  1.00844781e-01
   9.12630107e-02  7.58303819e-02  1.93345455e-01  4.79190122e-02
   9.44202598e-02  1.28374387e-01 -3.19435306e-02 -4.69646563e-02
  -4.36971492e-02]
 [ 1.53080516e-01  1.59763232e-01  3.77028721e-02 -3.30439337e-02
   1.61321710e-02 -8.04735847e-02  3.13248018e-02  2.12335599e-02
   7.75588700e-02  1.36321222e-01  5.23007725e-02  1.36466843e-01
   4.36212772e-03  1.11853419e-02 -1.37963119e-01  1.74217721e-01
   1.13853910e-01  3.75781490e-02  1.21666468e-01  1.43034648e-01
   1.26604434e-01 -1.35005324e-02  3.58975036e-02  6.65618277e-02
   1.06312442e-02]
 [-3.75471176e-01 -2.93137606e-01  9.31208273e-02  3.37977738e-01
  -2.20664353e-01  7.20185218e-02  2.62115409e-02  1.36473389e+00
  -2.76801858e-01 -3.13298743e-01  1.37397740e-01 -2.72021562e-01
   2.44156145e-01 -2.75923107e-01  1.25277591e-01 -3.05230588e-01
  -2.75411639e-01 -2.87226466e-01 -2.64629533e-01 -2.35851090e-01
  -3.46802866e-01  6.44716773e-02  3.08670265e-01  2.51911370e-01
  -2.79368166e-01]]
Hidden to output weights:
 [[ 0.47608503]
 [ 0.14996675]
 [ 1.34987948]
 [ 2.78045552]
 [ 0.08050618]
 [ 1.5782568 ]
 [ 1.04390375]
 [-1.29678805]
 [ 0.3908692 ]
 [ 0.23714782]
 [ 1.36991061]
 [ 0.02318225]
 [ 2.0606657 ]
 [ 0.23766827]
 [ 1.80009682]
 [ 0.1820922 ]
 [ 0.3062851 ]
 [ 0.12464795]
 [ 0.21458707]
 [ 0.04555311]
 [ 0.48707684]
 [ 0.80871975]
 [ 2.53264279]
 [ 2.71137636]
 [ 0.01484055]]
Weight of each layer (ave):
 {'a_slope_prone.tif': -0.014459445038325412, 'b_aspect_prone.tif': 0.009914109805240184, 'c_curvature_prone.tif': -0.040278640386508024, 'd_spi_prone.tif': -0.7091861551717696, 'e_twi_prone.tif': 0.158060165122358, 'f_lc_prone.tif': -0.005180808285236819, 'g_road_prone.tif': 0.12756511088573583, 'h_stream_prone.tif': 0.048037150648319885, 'i_rainfall_prone.tif': 0.05609988254235827}
Weight of each layer (max):
 {'a_slope_prone.tif': 0.12180781592915366, 'b_aspect_prone.tif': 0.6007174439056245, 'c_curvature_prone.tif': 0.021797051883908444, 'd_spi_prone.tif': 0.28761004357845676, 'e_twi_prone.tif': 1.5245910670275444, 'f_lc_prone.tif': 0.24150203363201503, 'g_road_prone.tif': 0.48335220709255056, 'h_stream_prone.tif': 0.19334545520108637, 'i_rainfall_prone.tif': 0.17421772063081495}

