Date and time: 05/21/20, 14:33:09
NN structure: (9, 25, 1)
Hyperparameters: lrate=0.01, mu=0.9, batch size=32, 
Cycle: 778 for 1 epoch (max of 3000):, Terminated at epoch=21, iteration=777 
Set and actual errors: RMSE: 0.01, val error: 0.009171714105758998
Input to hidden weights:
 [[-6.44298907e-02  9.08612374e-03 -3.03126885e-02  4.54294855e-03
  -1.20478357e-02 -7.95823759e-02  2.71997687e-03  2.06545384e-03
   3.49606863e-02  5.39736453e-02  3.86372279e-03  4.26082401e-03
   6.89637704e-03  6.43834402e-02  5.78354759e-03  6.62012422e-03
   5.31166305e-02  1.25312765e-01  1.78888566e-02  1.15929836e-01
   4.08845040e-02  1.16777854e-01  5.64818273e-02  1.27757124e-01
   6.98290399e-03]
 [ 5.31270156e-02 -1.88496773e-01  2.52406478e-01 -2.60610576e-02
   1.93555271e-01  6.13415099e-02 -4.24261389e-04 -3.50854363e-02
  -1.22215263e-01  3.27321887e-01  1.28566613e-02 -4.09681027e-02
  -8.08089893e-02  2.14496280e-01 -2.98751140e-02 -6.55357846e-02
  -1.01685605e-02 -4.65042933e-02  2.12612235e-01  9.93305835e-02
   3.08870383e-02 -4.93559695e-02  1.08598341e-01  1.21907870e-01
  -4.67516000e-02]
 [-5.28853152e-03 -9.37823662e-02 -6.56073394e-02 -1.08083196e-01
  -3.48631782e-02  1.64862793e-02  6.57703534e-04  7.15897286e-04
  -3.45109948e-02  1.12380389e-01 -4.10449145e-02  1.11669162e-03
  -1.61412057e-04 -4.23215569e-02 -9.73469642e-03  2.09944857e-03
  -7.51450297e-02  7.75985242e-02  1.11250069e-01  5.40460412e-02
  -4.39944879e-02  1.94360366e-01 -1.05050773e-02 -4.30439930e-02
   5.99366264e-03]
 [-3.44300279e+00  1.31560818e-01  8.81972175e-01  3.44357622e-01
   6.18603148e-01 -2.54583968e-02 -5.53501298e-01 -3.93202396e-01
  -8.23214761e-03 -1.10671128e+00 -9.07416111e-02 -6.44510363e-01
  -5.86285309e-01 -3.70412571e-01 -1.69994040e+00 -7.16408850e-01
  -3.09068060e-02 -6.24784825e-02 -6.27808818e-01  2.16671162e-01
  -2.94237044e-02  2.92700306e-01 -3.70908425e+00 -2.60854582e+00
  -3.70883657e-01]
 [-6.92175013e-01  5.34650899e-01 -3.34191015e-01  2.69507131e-01
  -2.03193905e-01  9.21264971e-02  5.80466938e-01  4.15041206e-01
   3.42433044e-02  2.53898611e-01  9.93931736e-02  6.82117327e-01
   6.29657373e-01  2.24606877e-01  1.72232310e+00  7.58086264e-01
   8.47314703e-02  1.45429093e-01  2.14466542e-01  1.88255707e-01
   7.98262362e-02  2.04046889e-01 -5.31696657e-01 -1.95642709e-01
   3.73973600e-01]
 [-1.39251705e-02  3.75112263e-01 -4.96119552e-01  2.57463063e-01
  -3.70586714e-01 -6.76074828e-02  1.06331220e-01  6.87986768e-02
   7.47025195e-02  4.57269238e-01 -2.33316364e-02  1.01086677e-01
   9.32103703e-02  1.22540010e-01  3.22635761e-01  1.10914580e-01
   4.56161053e-02  1.18584363e-02  3.24252476e-01  2.60247973e-02
  -3.31295450e-02  5.91112831e-04 -1.32642837e-02  3.53659934e-02
   9.26361251e-02]
 [-2.26711913e-01  3.84330622e-01 -1.14366321e+00  2.30525439e-01
  -7.01966929e-01  2.19955482e-01  3.36316223e-01  2.16422044e-01
   1.51703023e-01  1.00727354e-01  1.91367868e-01  3.23876798e-01
   2.20909014e-01  1.77339633e-01  5.93949651e-01  3.86981830e-01
   1.41073450e-01  1.29913023e-01  1.02389877e-01  2.55931261e-01
   1.65169698e-01  3.41871217e-01 -2.67536622e-01 -1.34897054e-01
   3.21564256e-01]
 [-6.74875060e-02 -1.68523715e-01 -4.06317901e-02  1.57885290e-02
   1.35449985e-03  2.27780329e-01  1.08441778e-01  7.03992269e-02
   9.14906064e-02  9.52499945e-02  8.82136636e-02  8.43970023e-02
   9.28812861e-02  1.38950250e-01  1.41594603e-01  9.42675773e-02
   2.01062402e-01  2.52420675e-01  6.29595171e-02  7.30456750e-02
   6.83750848e-02  1.16596319e-01 -7.77923429e-02 -6.28669267e-02
   8.76099599e-02]
 [ 2.74992843e-02 -2.80913421e-04  9.40148777e-03 -2.41948926e-02
   1.25607070e-01  1.48000859e-01 -1.82134677e-02 -1.82168775e-02
   5.09529374e-02 -3.32929837e-02  1.25677644e-01 -3.31832944e-02
  -2.67228752e-02  1.30224919e-01 -1.39149536e-01 -5.46255746e-02
   5.57262858e-02  1.88489976e-01  1.23594402e-01  1.62309537e-01
  -1.66882837e-02  1.54353048e-01  2.50582110e-02  5.68548728e-02
   2.87156094e-02]
 [ 3.64488554e-01  1.92645074e-02  1.76593455e-01 -3.50125209e-01
   5.92513309e-02 -1.94156699e-01  6.13590812e-03  2.58847475e-02
  -1.62492001e-01  7.27265038e-01 -1.76455703e-01  4.35470417e-02
   5.71029237e-02  1.62535600e-01  1.22811259e-01  5.73785954e-02
  -2.87448190e-01 -1.19043647e-01  3.14258167e-01 -1.34596781e-01
  -2.31831935e-01 -3.38253495e-02  3.58207241e-01  2.15551129e-01
   6.21623987e-03]]
Hidden to output weights:
 [[ 3.25397275e+00]
 [-6.32577989e-01]
 [-1.34102638e+00]
 [ 5.47157749e-01]
 [-8.41664281e-01]
 [ 4.48887236e-03]
 [ 6.36991983e-01]
 [ 4.57052032e-01]
 [ 8.22133933e-02]
 [-1.27215548e+00]
 [ 7.08076659e-02]
 [ 7.89056402e-01]
 [ 7.16103236e-01]
 [-3.75157312e-01]
 [ 2.12078568e+00]
 [ 8.87776039e-01]
 [ 1.34331939e-01]
 [-1.76711547e-03]
 [-6.93750918e-01]
 [ 1.88480311e-01]
 [ 3.92351165e-02]
 [ 2.92803366e-01]
 [ 3.46680013e+00]
 [ 2.38950781e+00]
 [ 4.02930251e-01]]
Weight of each layer (ave):
 {'a_slope_prone.tif': 0.02695665522294707, 'b_aspect_prone.tif': 0.03784759858976273, 'c_curvature_prone.tif': -0.0012552680715109618, 'd_spi_prone.tif': -0.5836669485470574, 'e_twi_prone.tif': 0.22519795756140634, 'f_lc_prone.tif': 0.06433780160443207, 'g_road_prone.tif': 0.10070168150017707, 'h_stream_prone.tif': 0.06782306789178796, 'i_rainfall_prone.tif': 0.04191589779863155}
Weight of each layer (max):
 {'a_slope_prone.tif': 0.1277571235835087, 'b_aspect_prone.tif': 0.3273218873978754, 'c_curvature_prone.tif': 0.19436036554521097, 'd_spi_prone.tif': 0.881972174792663, 'e_twi_prone.tif': 1.722323098657543, 'f_lc_prone.tif': 0.4572692383219688, 'g_road_prone.tif': 0.5939496508603519, 'h_stream_prone.tif': 0.2524206751829668, 'i_rainfall_prone.tif': 0.18848997647282742}

Date and time: 05/22/20, 00:06:31
NN structure: (9, 25, 1)
Hyperparameters: lrate=0.01, mu=0.9, batch size=32
Cycle: 778 for 1 epoch (max of 3000), terminated at epoch=21, iteration=777
Set and actual errors: RMSE: 0.01, val error: 0.009171714105758998
Input to hidden weights:
 [[-6.44298907e-02  9.08612374e-03 -3.03126885e-02  4.54294855e-03
  -1.20478357e-02 -7.95823759e-02  2.71997687e-03  2.06545384e-03
   3.49606863e-02  5.39736453e-02  3.86372279e-03  4.26082401e-03
   6.89637704e-03  6.43834402e-02  5.78354759e-03  6.62012422e-03
   5.31166305e-02  1.25312765e-01  1.78888566e-02  1.15929836e-01
   4.08845040e-02  1.16777854e-01  5.64818273e-02  1.27757124e-01
   6.98290399e-03]
 [ 5.31270156e-02 -1.88496773e-01  2.52406478e-01 -2.60610576e-02
   1.93555271e-01  6.13415099e-02 -4.24261389e-04 -3.50854363e-02
  -1.22215263e-01  3.27321887e-01  1.28566613e-02 -4.09681027e-02
  -8.08089893e-02  2.14496280e-01 -2.98751140e-02 -6.55357846e-02
  -1.01685605e-02 -4.65042933e-02  2.12612235e-01  9.93305835e-02
   3.08870383e-02 -4.93559695e-02  1.08598341e-01  1.21907870e-01
  -4.67516000e-02]
 [-5.28853152e-03 -9.37823662e-02 -6.56073394e-02 -1.08083196e-01
  -3.48631782e-02  1.64862793e-02  6.57703534e-04  7.15897286e-04
  -3.45109948e-02  1.12380389e-01 -4.10449145e-02  1.11669162e-03
  -1.61412057e-04 -4.23215569e-02 -9.73469642e-03  2.09944857e-03
  -7.51450297e-02  7.75985242e-02  1.11250069e-01  5.40460412e-02
  -4.39944879e-02  1.94360366e-01 -1.05050773e-02 -4.30439930e-02
   5.99366264e-03]
 [-3.44300279e+00  1.31560818e-01  8.81972175e-01  3.44357622e-01
   6.18603148e-01 -2.54583968e-02 -5.53501298e-01 -3.93202396e-01
  -8.23214761e-03 -1.10671128e+00 -9.07416111e-02 -6.44510363e-01
  -5.86285309e-01 -3.70412571e-01 -1.69994040e+00 -7.16408850e-01
  -3.09068060e-02 -6.24784825e-02 -6.27808818e-01  2.16671162e-01
  -2.94237044e-02  2.92700306e-01 -3.70908425e+00 -2.60854582e+00
  -3.70883657e-01]
 [-6.92175013e-01  5.34650899e-01 -3.34191015e-01  2.69507131e-01
  -2.03193905e-01  9.21264971e-02  5.80466938e-01  4.15041206e-01
   3.42433044e-02  2.53898611e-01  9.93931736e-02  6.82117327e-01
   6.29657373e-01  2.24606877e-01  1.72232310e+00  7.58086264e-01
   8.47314703e-02  1.45429093e-01  2.14466542e-01  1.88255707e-01
   7.98262362e-02  2.04046889e-01 -5.31696657e-01 -1.95642709e-01
   3.73973600e-01]
 [-1.39251705e-02  3.75112263e-01 -4.96119552e-01  2.57463063e-01
  -3.70586714e-01 -6.76074828e-02  1.06331220e-01  6.87986768e-02
   7.47025195e-02  4.57269238e-01 -2.33316364e-02  1.01086677e-01
   9.32103703e-02  1.22540010e-01  3.22635761e-01  1.10914580e-01
   4.56161053e-02  1.18584363e-02  3.24252476e-01  2.60247973e-02
  -3.31295450e-02  5.91112831e-04 -1.32642837e-02  3.53659934e-02
   9.26361251e-02]
 [-2.26711913e-01  3.84330622e-01 -1.14366321e+00  2.30525439e-01
  -7.01966929e-01  2.19955482e-01  3.36316223e-01  2.16422044e-01
   1.51703023e-01  1.00727354e-01  1.91367868e-01  3.23876798e-01
   2.20909014e-01  1.77339633e-01  5.93949651e-01  3.86981830e-01
   1.41073450e-01  1.29913023e-01  1.02389877e-01  2.55931261e-01
   1.65169698e-01  3.41871217e-01 -2.67536622e-01 -1.34897054e-01
   3.21564256e-01]
 [-6.74875060e-02 -1.68523715e-01 -4.06317901e-02  1.57885290e-02
   1.35449985e-03  2.27780329e-01  1.08441778e-01  7.03992269e-02
   9.14906064e-02  9.52499945e-02  8.82136636e-02  8.43970023e-02
   9.28812861e-02  1.38950250e-01  1.41594603e-01  9.42675773e-02
   2.01062402e-01  2.52420675e-01  6.29595171e-02  7.30456750e-02
   6.83750848e-02  1.16596319e-01 -7.77923429e-02 -6.28669267e-02
   8.76099599e-02]
 [ 2.74992843e-02 -2.80913421e-04  9.40148777e-03 -2.41948926e-02
   1.25607070e-01  1.48000859e-01 -1.82134677e-02 -1.82168775e-02
   5.09529374e-02 -3.32929837e-02  1.25677644e-01 -3.31832944e-02
  -2.67228752e-02  1.30224919e-01 -1.39149536e-01 -5.46255746e-02
   5.57262858e-02  1.88489976e-01  1.23594402e-01  1.62309537e-01
  -1.66882837e-02  1.54353048e-01  2.50582110e-02  5.68548728e-02
   2.87156094e-02]
 [ 3.64488554e-01  1.92645074e-02  1.76593455e-01 -3.50125209e-01
   5.92513309e-02 -1.94156699e-01  6.13590812e-03  2.58847475e-02
  -1.62492001e-01  7.27265038e-01 -1.76455703e-01  4.35470417e-02
   5.71029237e-02  1.62535600e-01  1.22811259e-01  5.73785954e-02
  -2.87448190e-01 -1.19043647e-01  3.14258167e-01 -1.34596781e-01
  -2.31831935e-01 -3.38253495e-02  3.58207241e-01  2.15551129e-01
   6.21623987e-03]]
Hidden to output weights:
 [[ 3.25397275e+00]
 [-6.32577989e-01]
 [-1.34102638e+00]
 [ 5.47157749e-01]
 [-8.41664281e-01]
 [ 4.48887236e-03]
 [ 6.36991983e-01]
 [ 4.57052032e-01]
 [ 8.22133933e-02]
 [-1.27215548e+00]
 [ 7.08076659e-02]
 [ 7.89056402e-01]
 [ 7.16103236e-01]
 [-3.75157312e-01]
 [ 2.12078568e+00]
 [ 8.87776039e-01]
 [ 1.34331939e-01]
 [-1.76711547e-03]
 [-6.93750918e-01]
 [ 1.88480311e-01]
 [ 3.92351165e-02]
 [ 2.92803366e-01]
 [ 3.46680013e+00]
 [ 2.38950781e+00]
 [ 4.02930251e-01]]
Weight of each layer (ave):
 {'a_slope_prone.tif': 0.02695665522294707, 'b_aspect_prone.tif': 0.03784759858976273, 'c_curvature_prone.tif': -0.0012552680715109618, 'd_spi_prone.tif': -0.5836669485470574, 'e_twi_prone.tif': 0.22519795756140634, 'f_lc_prone.tif': 0.06433780160443207, 'g_road_prone.tif': 0.10070168150017707, 'h_stream_prone.tif': 0.06782306789178796, 'i_rainfall_prone.tif': 0.04191589779863155}
Weight of each layer (max):
 {'a_slope_prone.tif': 0.1277571235835087, 'b_aspect_prone.tif': 0.3273218873978754, 'c_curvature_prone.tif': 0.19436036554521097, 'd_spi_prone.tif': 0.881972174792663, 'e_twi_prone.tif': 1.722323098657543, 'f_lc_prone.tif': 0.4572692383219688, 'g_road_prone.tif': 0.5939496508603519, 'h_stream_prone.tif': 0.2524206751829668, 'i_rainfall_prone.tif': 0.18848997647282742}

Date and time: 06/20/20, 18:06:00
NN structure: (9, 25, 1)
Hyperparameters: lrate=0.01, mu=0.9, batch size=32
Cycle: 778 for 1 epoch (max of 3000), terminated at epoch=21, iteration=777
Set and actual errors: RMSE: 0.01, val error: 0.009171714105758998
Input to hidden weights:
 [[-6.44298907e-02  9.08612374e-03 -3.03126885e-02  4.54294855e-03
  -1.20478357e-02 -7.95823759e-02  2.71997687e-03  2.06545384e-03
   3.49606863e-02  5.39736453e-02  3.86372279e-03  4.26082401e-03
   6.89637704e-03  6.43834402e-02  5.78354759e-03  6.62012422e-03
   5.31166305e-02  1.25312765e-01  1.78888566e-02  1.15929836e-01
   4.08845040e-02  1.16777854e-01  5.64818273e-02  1.27757124e-01
   6.98290399e-03]
 [ 5.31270156e-02 -1.88496773e-01  2.52406478e-01 -2.60610576e-02
   1.93555271e-01  6.13415099e-02 -4.24261389e-04 -3.50854363e-02
  -1.22215263e-01  3.27321887e-01  1.28566613e-02 -4.09681027e-02
  -8.08089893e-02  2.14496280e-01 -2.98751140e-02 -6.55357846e-02
  -1.01685605e-02 -4.65042933e-02  2.12612235e-01  9.93305835e-02
   3.08870383e-02 -4.93559695e-02  1.08598341e-01  1.21907870e-01
  -4.67516000e-02]
 [-5.28853152e-03 -9.37823662e-02 -6.56073394e-02 -1.08083196e-01
  -3.48631782e-02  1.64862793e-02  6.57703534e-04  7.15897286e-04
  -3.45109948e-02  1.12380389e-01 -4.10449145e-02  1.11669162e-03
  -1.61412057e-04 -4.23215569e-02 -9.73469642e-03  2.09944857e-03
  -7.51450297e-02  7.75985242e-02  1.11250069e-01  5.40460412e-02
  -4.39944879e-02  1.94360366e-01 -1.05050773e-02 -4.30439930e-02
   5.99366264e-03]
 [-3.44300279e+00  1.31560818e-01  8.81972175e-01  3.44357622e-01
   6.18603148e-01 -2.54583968e-02 -5.53501298e-01 -3.93202396e-01
  -8.23214761e-03 -1.10671128e+00 -9.07416111e-02 -6.44510363e-01
  -5.86285309e-01 -3.70412571e-01 -1.69994040e+00 -7.16408850e-01
  -3.09068060e-02 -6.24784825e-02 -6.27808818e-01  2.16671162e-01
  -2.94237044e-02  2.92700306e-01 -3.70908425e+00 -2.60854582e+00
  -3.70883657e-01]
 [-6.92175013e-01  5.34650899e-01 -3.34191015e-01  2.69507131e-01
  -2.03193905e-01  9.21264971e-02  5.80466938e-01  4.15041206e-01
   3.42433044e-02  2.53898611e-01  9.93931736e-02  6.82117327e-01
   6.29657373e-01  2.24606877e-01  1.72232310e+00  7.58086264e-01
   8.47314703e-02  1.45429093e-01  2.14466542e-01  1.88255707e-01
   7.98262362e-02  2.04046889e-01 -5.31696657e-01 -1.95642709e-01
   3.73973600e-01]
 [-1.39251705e-02  3.75112263e-01 -4.96119552e-01  2.57463063e-01
  -3.70586714e-01 -6.76074828e-02  1.06331220e-01  6.87986768e-02
   7.47025195e-02  4.57269238e-01 -2.33316364e-02  1.01086677e-01
   9.32103703e-02  1.22540010e-01  3.22635761e-01  1.10914580e-01
   4.56161053e-02  1.18584363e-02  3.24252476e-01  2.60247973e-02
  -3.31295450e-02  5.91112831e-04 -1.32642837e-02  3.53659934e-02
   9.26361251e-02]
 [-2.26711913e-01  3.84330622e-01 -1.14366321e+00  2.30525439e-01
  -7.01966929e-01  2.19955482e-01  3.36316223e-01  2.16422044e-01
   1.51703023e-01  1.00727354e-01  1.91367868e-01  3.23876798e-01
   2.20909014e-01  1.77339633e-01  5.93949651e-01  3.86981830e-01
   1.41073450e-01  1.29913023e-01  1.02389877e-01  2.55931261e-01
   1.65169698e-01  3.41871217e-01 -2.67536622e-01 -1.34897054e-01
   3.21564256e-01]
 [-6.74875060e-02 -1.68523715e-01 -4.06317901e-02  1.57885290e-02
   1.35449985e-03  2.27780329e-01  1.08441778e-01  7.03992269e-02
   9.14906064e-02  9.52499945e-02  8.82136636e-02  8.43970023e-02
   9.28812861e-02  1.38950250e-01  1.41594603e-01  9.42675773e-02
   2.01062402e-01  2.52420675e-01  6.29595171e-02  7.30456750e-02
   6.83750848e-02  1.16596319e-01 -7.77923429e-02 -6.28669267e-02
   8.76099599e-02]
 [ 2.74992843e-02 -2.80913421e-04  9.40148777e-03 -2.41948926e-02
   1.25607070e-01  1.48000859e-01 -1.82134677e-02 -1.82168775e-02
   5.09529374e-02 -3.32929837e-02  1.25677644e-01 -3.31832944e-02
  -2.67228752e-02  1.30224919e-01 -1.39149536e-01 -5.46255746e-02
   5.57262858e-02  1.88489976e-01  1.23594402e-01  1.62309537e-01
  -1.66882837e-02  1.54353048e-01  2.50582110e-02  5.68548728e-02
   2.87156094e-02]
 [ 3.64488554e-01  1.92645074e-02  1.76593455e-01 -3.50125209e-01
   5.92513309e-02 -1.94156699e-01  6.13590812e-03  2.58847475e-02
  -1.62492001e-01  7.27265038e-01 -1.76455703e-01  4.35470417e-02
   5.71029237e-02  1.62535600e-01  1.22811259e-01  5.73785954e-02
  -2.87448190e-01 -1.19043647e-01  3.14258167e-01 -1.34596781e-01
  -2.31831935e-01 -3.38253495e-02  3.58207241e-01  2.15551129e-01
   6.21623987e-03]]
Hidden to output weights:
 [[ 3.25397275e+00]
 [-6.32577989e-01]
 [-1.34102638e+00]
 [ 5.47157749e-01]
 [-8.41664281e-01]
 [ 4.48887236e-03]
 [ 6.36991983e-01]
 [ 4.57052032e-01]
 [ 8.22133933e-02]
 [-1.27215548e+00]
 [ 7.08076659e-02]
 [ 7.89056402e-01]
 [ 7.16103236e-01]
 [-3.75157312e-01]
 [ 2.12078568e+00]
 [ 8.87776039e-01]
 [ 1.34331939e-01]
 [-1.76711547e-03]
 [-6.93750918e-01]
 [ 1.88480311e-01]
 [ 3.92351165e-02]
 [ 2.92803366e-01]
 [ 3.46680013e+00]
 [ 2.38950781e+00]
 [ 4.02930251e-01]]
Weight of each layer (ave):
 {'a_slope_prone.tif': 0.02695665522294707, 'b_aspect_prone.tif': 0.03784759858976273, 'c_curvature_prone.tif': -0.0012552680715109618, 'd_spi_prone.tif': -0.5836669485470574, 'e_twi_prone.tif': 0.22519795756140634, 'f_lc_prone.tif': 0.06433780160443207, 'g_road_prone.tif': 0.10070168150017707, 'h_stream_prone.tif': 0.06782306789178796, 'i_rainfall_prone.tif': 0.04191589779863155}
Weight of each layer (max):
 {'a_slope_prone.tif': 0.1277571235835087, 'b_aspect_prone.tif': 0.3273218873978754, 'c_curvature_prone.tif': 0.19436036554521097, 'd_spi_prone.tif': 0.881972174792663, 'e_twi_prone.tif': 1.722323098657543, 'f_lc_prone.tif': 0.4572692383219688, 'g_road_prone.tif': 0.5939496508603519, 'h_stream_prone.tif': 0.2524206751829668, 'i_rainfall_prone.tif': 0.18848997647282742}

